56
694
4080

72 362
-0.998403 0.001659 -0.056470 1.589876
0.001639 0.999999 0.000397 -0.001346
0.056471 0.000304 -0.998404 0.582689
8 29
0.998412 0.000029 -0.056338 -0.024085
-0.000048 1.000000 -0.000348 0.001657
0.056338 0.000350 0.998412 0.467420
64 296
-0.998763 0.002583 -0.049657 1.735576
0.002631 0.999996 -0.000909 -0.003464
0.049654 -0.001038 -0.998766 2.265184
0 0
1.000000 0.000000 0.000000 -0.000000
0.000000 1.000000 0.000000 -0.000000
0.000000 0.000000 1.000000 -0.000000
65 303
-0.999685 0.002372 -0.025004 1.741276
0.002413 0.999996 -0.001610 -0.000954
0.025000 -0.001670 -0.999686 2.042585
1 8
0.999991 0.000449 -0.004268 -0.001319
-0.000450 1.000000 -0.000302 0.000466
0.004268 0.000304 0.999991 0.037053
67 318
-0.999320 0.002192 0.036797 1.738172
0.002145 0.999997 -0.001308 -0.002765
-0.036800 -0.001229 -0.999322 1.567732
3 12
0.999952 0.000462 -0.009811 -0.004423
-0.000460 1.000000 0.000260 0.000250
0.009811 -0.000256 0.999952 0.085685
69 334
-0.997130 0.001994 0.075681 1.708704
0.001910 0.999997 -0.001186 -0.003332
-0.075683 -0.001038 -0.997131 1.108511
5 20
0.999598 0.000624 -0.028357 -0.012845
-0.000631 1.000000 -0.000224 0.000550
0.028357 0.000242 0.999598 0.234048
74 389
-0.893054 0.001608 -0.449947 1.345334
0.001344 0.999999 0.000906 -0.001048
0.449948 0.000205 -0.893055 0.444014
10 34
0.997493 -0.000074 -0.070760 -0.030893
0.000041 1.000000 -0.000471 0.000653
0.070760 0.000467 0.997493 0.623178
75 414
-0.564822 0.001720 -0.825211 1.051735
0.000438 0.999998 0.001785 -0.002497
0.825213 0.000647 -0.564822 0.501991
11 37
0.996732 0.000264 -0.080774 -0.035251
-0.000309 1.000000 -0.000543 0.001111
0.080774 0.000566 0.996732 0.722939
79 566
0.994490 -0.000148 0.104832 0.120859
0.000200 1.000000 -0.000482 -0.001852
-0.104832 0.000500 0.994490 1.858057
15 49
0.993955 0.000397 -0.109792 -0.048734
-0.000431 1.000000 -0.000286 -0.001086
0.109792 0.000331 0.993955 1.165203
80 575
0.992336 -0.000148 0.123565 0.113850
0.000183 1.000000 -0.000272 0.001627
-0.123565 0.000293 0.992336 2.060672
16 52
0.993179 0.000315 -0.116599 -0.050792
-0.000376 1.000000 -0.000501 -0.001232
0.116599 0.000542 0.993179 1.283484
81 590
0.991701 0.000158 0.128568 0.112333
-0.000071 1.000000 -0.000678 -0.000162
-0.128568 0.000663 0.991700 2.426229
17 55
0.992644 0.000132 -0.121073 -0.054116
-0.000217 1.000000 -0.000690 0.000693
0.121073 0.000711 0.992643 1.402532
84 617
0.996158 0.001392 0.087559 0.127845
-0.001348 0.999999 -0.000556 0.001137
-0.087560 0.000436 0.996159 3.082990
20 64
0.991846 0.000560 -0.127440 -0.056109
-0.000582 1.000000 -0.000132 -0.000476
0.127440 0.000205 0.991846 1.764318
21 67
0.992119 0.000317 -0.125297 -0.055898
-0.000397 1.000000 -0.000614 -0.002206
0.125297 0.000659 0.992119 1.885017
88 654
0.999948 0.001287 0.010075 0.154551
-0.001283 0.999999 -0.000370 0.000508
-0.010076 0.000357 0.999949 3.683589
24 78
0.994908 0.000292 -0.100787 -0.046406
-0.000303 1.000000 -0.000086 -0.001059
0.100787 0.000116 0.994908 2.310508
29 100
0.997875 0.001478 0.065144 0.023578
-0.001443 0.999999 -0.000586 0.001400
-0.065145 0.000490 0.997876 3.006748
34 121
0.904486 0.000827 0.426503 0.167021
-0.000482 0.999999 -0.000919 0.000692
-0.426503 0.000625 0.904486 3.481542
40 152
0.382559 0.001394 0.923930 0.463605
-0.000004 0.999999 -0.001507 -0.000362
-0.923931 0.000573 0.382558 3.896404
41 157
0.273223 0.001556 0.961949 0.515097
0.000326 0.999998 -0.001710 0.001888
-0.961951 0.000781 0.273222 3.932301
43 167
0.060172 0.002023 0.998186 0.616322
0.000453 0.999998 -0.002054 0.001375
-0.998188 0.000575 0.060171 3.978491
45 178
-0.150942 0.001766 0.988541 0.728923
0.000858 0.999998 -0.001655 0.001366
-0.988542 0.000599 -0.150944 3.993294
46 183
-0.249106 0.001926 0.968474 0.785820
0.001236 0.999998 -0.001670 0.001574
-0.968476 0.000781 -0.249108 3.988263
49 200
-0.560533 0.002491 0.828128 0.993007
0.001601 0.999997 -0.001924 -0.000711
-0.828130 0.000248 -0.560535 3.924466
50 206
-0.656685 0.002679 0.754161 1.068579
0.001469 0.999996 -0.002274 -0.001188
-0.754164 -0.000386 -0.656686 3.885204
51 212
-0.741310 0.002588 0.671158 1.144733
0.001764 0.999997 -0.001908 -0.000247
-0.671160 -0.000231 -0.741312 3.837526
53 224
-0.871591 0.003046 0.490224 1.290295
0.002320 0.999995 -0.002089 -0.001053
-0.490228 -0.000684 -0.871594 3.718010
54 230
-0.918385 0.003022 0.395677 1.359410
0.002617 0.999995 -0.001562 -0.002377
-0.395680 -0.000399 -0.918388 3.647711
55 237
-0.956746 0.003005 0.290910 1.434024
0.003003 0.999995 -0.000453 -0.000960
-0.290910 0.000440 -0.956750 3.556461
57 250
-0.993378 0.002998 0.114852 1.552298
0.002996 0.999995 -0.000188 -0.001069
-0.114852 0.000157 -0.993383 3.361408
59 264
-0.999764 0.003519 -0.021439 1.640084
0.003524 0.999994 -0.000176 -0.002291
0.021439 -0.000251 -0.999770 3.119656
60 270
-0.998424 0.003612 -0.056010 1.666614
0.003647 0.999993 -0.000530 -0.002830
0.056008 -0.000734 -0.998430 2.991996
61 276
-0.997234 0.003391 -0.074246 1.689809
0.003441 0.999994 -0.000550 -0.002631
0.074244 -0.000804 -0.997240 2.846536
62 282
-0.996915 0.003424 -0.078415 1.707727
0.003517 0.999993 -0.001049 -0.001653
0.078411 -0.001321 -0.996920 2.684337
63 289
-0.997433 0.003281 -0.071527 1.725568
0.003355 0.999994 -0.000914 -0.003732
0.071523 -0.001152 -0.997438 2.481081
66 310
-0.999986 0.002483 0.004662 1.742801
0.002477 0.999996 -0.001301 -0.003315
-0.004665 -0.001289 -0.999988 1.818967
68 326
-0.998024 0.002418 0.062781 1.726562
0.002361 0.999997 -0.000974 -0.003064
-0.062783 -0.000824 -0.998027 1.327636
70 342
-0.997513 0.001907 0.070463 1.684198
0.001816 0.999997 -0.001351 -0.003465
-0.070466 -0.001220 -0.997513 0.914409
71 350
-0.999124 0.002082 0.041793 1.652163
0.002048 0.999998 -0.000850 -0.003386
-0.041795 -0.000763 -0.999126 0.752743
73 371
-0.985618 0.001958 -0.168978 1.523048
0.001920 0.999998 0.000389 -0.002741
0.168979 0.000059 -0.985620 0.504668
77 509
0.911819 0.000625 -0.410592 0.298818
-0.000521 1.000000 0.000366 0.000929
0.410592 -0.000120 0.911819 1.064351
78 540
0.999461 0.000463 -0.032834 0.170906
-0.000466 1.000000 -0.000094 -0.001115
0.032834 0.000109 0.999461 1.409805
82 599
0.992735 0.000966 0.120320 0.116512
-0.000889 0.999999 -0.000690 0.002383
-0.120320 0.000578 0.992735 2.651195
83 608
0.994524 0.001413 0.104498 0.121936
-0.001325 0.999999 -0.000919 0.001855
-0.104499 0.000775 0.994525 2.873807
86 635
0.998998 0.001306 0.044728 0.142647
-0.001287 0.999999 -0.000467 0.000464
-0.044729 0.000409 0.998999 3.442387
87 644
0.999635 0.001174 0.026975 0.148897
-0.001169 0.999999 -0.000188 0.000508
-0.026975 0.000156 0.999636 3.577166
89 675
0.999999 0.001018 0.000783 0.158068
-0.001018 0.999999 -0.000001 -0.000006
-0.000783 0.000000 1.000000 3.740514

0
0.000000 0.000000 0.000000 -nan
0.000000 0.000000 0.000000 -nan
-nan 0.000000 0.000000 -nan
1
0.000000 0.000000 0.000000 -nan
0.000000 0.000000 0.000000 -nan
-nan 0.000000 0.000000 -nan
2
0.000000 0.000000 0.000000 -nan
0.000000 0.000000 0.000000 -nan
-nan 0.000000 0.000000 -nan
3
0.000000 0.000000 0.000000 -nan
0.000000 0.000000 0.000000 -nan
-nan 0.000000 0.000000 -nan
4
0.000000 0.000000 0.000000 -nan
0.000000 0.000000 0.000000 -nan
-nan 0.000000 0.000000 -nan
5
0.000000 0.000000 0.000000 -nan
0.000000 0.000000 0.000000 -nan
-nan 0.000000 0.000000 -nan
6
0.000000 0.000000 0.000000 -nan
0.000000 0.000000 0.000000 -nan
-nan 0.000000 0.000000 -nan
7
0.000000 0.000000 0.000000 -nan
0.000000 0.000000 0.000000 -nan
-nan 0.000000 0.000000 -nan
8
0.999992 0.000927 -0.003897 -0.000512
-0.000927 1.000000 -0.000154 0.000570
0.003896 0.000157 0.999992 0.044959
9
0.999995 0.000327 -0.003185 -0.001989
-0.000326 1.000000 0.000261 -0.000553
0.003185 -0.000260 0.999995 0.056316
10
0.999982 0.000016 -0.006051 -0.003406
-0.000019 1.000000 -0.000491 0.000718
0.006051 0.000491 0.999982 0.067252
11
0.999971 0.000460 -0.007648 -0.002411
-0.000466 1.000000 -0.000855 -0.000490
0.007647 0.000858 0.999970 0.082036
12
0.999965 0.000477 -0.008318 -0.003915
-0.000476 1.000000 0.000191 0.000658
0.008318 -0.000187 0.999965 0.097410
13
0.999935 0.000217 -0.011429 -0.005315
-0.000211 1.000000 0.000597 0.001544
0.011429 -0.000594 0.999935 0.112808
14
0.999909 0.000233 -0.013522 -0.006214
-0.000246 0.999999 -0.000971 -0.001058
0.013522 0.000974 0.999908 0.127127
15
0.999881 0.000333 -0.015455 -0.007245
-0.000348 1.000000 -0.000924 0.001199
0.015455 0.000929 0.999880 0.145704
16
0.999814 0.000251 -0.019271 -0.009037
-0.000267 1.000000 -0.000819 -0.000702
0.019271 0.000824 0.999814 0.165041
17
0.999801 -0.000112 -0.019943 -0.009607
0.000090 0.999999 -0.001137 -0.000909
0.019943 0.001135 0.999800 0.185158
18
0.999739 0.000229 -0.022832 -0.010336
-0.000230 1.000000 -0.000045 0.000971
0.022832 0.000050 0.999739 0.205154
19
0.999686 0.000701 -0.025033 -0.012110
-0.000719 0.999999 -0.000699 -0.001146
0.025033 0.000717 0.999686 0.227148
20
0.999639 0.000489 -0.026864 -0.013411
-0.000500 1.000000 -0.000398 0.000213
0.026864 0.000411 0.999639 0.250550
21
0.999524 -0.000002 -0.030848 -0.014618
-0.000017 1.000000 -0.000602 0.000978
0.030848 0.000602 0.999524 0.274579
22
0.999455 0.000353 -0.032998 -0.015803
-0.000358 1.000000 -0.000135 -0.001241
0.032998 0.000147 0.999455 0.291197
23
0.999360 0.000153 -0.035775 -0.016772
-0.000155 1.000000 -0.000048 0.001103
0.035775 0.000053 0.999360 0.316180
24
0.999215 0.000388 -0.039623 -0.017740
-0.000398 1.000000 -0.000247 0.000100
0.039623 0.000263 0.999215 0.342428
25
0.999164 0.000052 -0.040871 -0.019603
-0.000081 1.000000 -0.000712 -0.000569
0.040871 0.000715 0.999164 0.366402
26
0.998975 0.000009 -0.045266 -0.020707
-0.000026 1.000000 -0.000387 0.001296
0.045266 0.000387 0.998975 0.393790
27
0.998847 -0.000008 -0.048002 -0.022020
-0.000031 1.000000 -0.000796 -0.000924
0.048002 0.000796 0.998847 0.422803
28
0.998696 0.000361 -0.051055 -0.023732
-0.000372 1.000000 -0.000208 0.000509
0.051055 0.000227 0.998696 0.443787
29
0.998452 0.000099 -0.055613 -0.024366
-0.000084 1.000000 0.000275 0.001375
0.055614 -0.000270 0.998452 0.472246
30
0.998349 0.000354 -0.057436 -0.025104
-0.000368 1.000000 -0.000243 -0.000911
0.057436 0.000264 0.998349 0.502670
31
0.998184 0.000278 -0.060235 -0.026458
-0.000291 1.000000 -0.000203 0.000815
0.060234 0.000220 0.998184 0.531375
32
0.997949 0.000249 -0.064010 -0.028202
-0.000301 1.000000 -0.000802 -0.000659
0.064010 0.000820 0.997949 0.563302
33
0.997868 0.000434 -0.065261 -0.029208
-0.000442 1.000000 -0.000114 -0.000740
0.065261 0.000143 0.997868 0.593555
34
0.997539 0.000250 -0.070119 -0.030277
-0.000273 1.000000 -0.000314 0.000497
0.070119 0.000332 0.997539 0.626293
35
0.997324 0.000720 -0.073108 -0.031326
-0.000740 1.000000 -0.000255 -0.001536
0.073108 0.000309 0.997324 0.659116
36
0.997151 0.000578 -0.075425 -0.033406
-0.000589 1.000000 -0.000120 0.000205
0.075425 0.000164 0.997151 0.693265
37
0.996768 0.000382 -0.080335 -0.034709
-0.000407 1.000000 -0.000291 0.001250
0.080335 0.000323 0.996768 0.726049
38
0.996656 0.000752 -0.081705 -0.034993
-0.000767 1.000000 -0.000153 -0.001122
0.081704 0.000215 0.996657 0.761843
39
0.996430 0.000444 -0.084426 -0.036968
-0.000476 1.000000 -0.000360 0.001382
0.084426 0.000398 0.996430 0.798650
40
0.996068 0.000812 -0.088586 -0.038583
-0.000824 1.000000 -0.000102 -0.000057
0.088586 0.000174 0.996068 0.833563
41
0.996007 0.000877 -0.089276 -0.039990
-0.000875 1.000000 0.000057 -0.000232
0.089276 0.000021 0.996007 0.869671
42
0.995618 0.000430 -0.093516 -0.040801
-0.000390 1.000000 0.000448 0.001054
0.093516 -0.000409 0.995618 0.906261
43
0.995372 0.000862 -0.096097 -0.041783
-0.000898 1.000000 -0.000339 -0.001418
0.096097 0.000424 0.995372 0.940768
44
0.995177 0.000721 -0.098097 -0.042870
-0.000737 1.000000 -0.000129 -0.000220
0.098097 0.000200 0.995177 0.977242
45
0.994780 0.000357 -0.102047 -0.043543
-0.000367 1.000000 -0.000076 0.000950
0.102047 0.000113 0.994780 1.015400
46
0.994665 0.000646 -0.103152 -0.045076
-0.000661 1.000000 -0.000116 -0.001058
0.103152 0.000183 0.994666 1.051998
47
0.994437 0.000567 -0.105329 -0.046444
-0.000581 1.000000 -0.000103 0.001456
0.105329 0.000164 0.994437 1.090373
48
0.994076 0.001002 -0.108681 -0.047151
-0.000969 0.999999 0.000354 -0.000266
0.108681 -0.000247 0.994077 1.129308
49
0.994014 0.000731 -0.109246 -0.048206
-0.000721 1.000000 0.000136 -0.000460
0.109246 -0.000056 0.994015 1.167782
50
0.993603 0.000090 -0.112934 -0.049317
-0.000099 1.000000 -0.000080 0.001311
0.112934 0.000090 0.993603 1.206910
51
0.993390 0.000740 -0.114788 -0.049957
-0.000758 1.000000 -0.000117 -0.000841
0.114788 0.000203 0.993390 1.246177
52
0.993235 0.000449 -0.116123 -0.050551
-0.000437 1.000000 0.000123 -0.000167
0.116123 -0.000072 0.993235 1.289911
53
0.992846 0.000805 -0.119402 -0.051345
-0.000843 1.000000 -0.000276 0.001020
0.119401 0.000374 0.992846 1.329632
54
0.992885 0.000681 -0.119078 -0.052542
-0.000702 1.000000 -0.000138 -0.000894
0.119078 0.000220 0.992885 1.368867
55
0.992675 0.000530 -0.120817 -0.053687
-0.000497 1.000000 0.000300 0.000996
0.120817 -0.000238 0.992675 1.406889
56
0.992433 0.000593 -0.122784 -0.053558
-0.000576 1.000000 0.000173 -0.001173
0.122784 -0.000101 0.992433 1.447047
57
0.992486 0.000618 -0.122359 -0.054868
-0.000553 1.000000 0.000570 -0.001340
0.122360 -0.000498 0.992486 1.486514
58
0.992165 0.000071 -0.124937 -0.054478
-0.000059 1.000000 0.000102 0.000576
0.124937 -0.000093 0.992165 1.522283
59
0.992057 0.000629 -0.125789 -0.054514
-0.000605 1.000000 0.000223 -0.001358
0.125789 -0.000145 0.992057 1.562504
60
0.992067 0.000858 -0.125709 -0.054966
-0.000857 1.000000 0.000064 -0.000543
0.125709 0.000044 0.992067 1.602609
61
0.991890 0.000245 -0.127100 -0.054487
-0.000246 1.000000 0.000004 0.000812
0.127100 0.000027 0.991890 1.635821
62
0.992009 0.000144 -0.126170 -0.055030
-0.000160 1.000000 -0.000114 -0.001232
0.126170 0.000133 0.992009 1.676100
63
0.992013 0.000306 -0.126134 -0.055579
-0.000286 1.000000 0.000173 0.000587
0.126134 -0.000136 0.992013 1.715804
64
0.991844 0.000605 -0.127457 -0.054642
-0.000619 1.000000 -0.000070 -0.000656
0.127457 0.000148 0.991844 1.755275
65
0.992156 0.000490 -0.125004 -0.055553
-0.000522 1.000000 -0.000221 -0.001285
0.125004 0.000285 0.992156 1.795856
66
0.991993 0.000088 -0.126292 -0.055024
-0.000113 1.000000 -0.000191 0.000695
0.126292 0.000204 0.991993 1.835345
67
0.992164 0.000301 -0.124944 -0.054866
-0.000355 1.000000 -0.000404 -0.001705
0.124944 0.000445 0.992164 1.869445
68
0.992281 0.000131 -0.124012 -0.054831
-0.000124 1.000000 0.000064 0.000181
0.124012 -0.000048 0.992281 1.908323
69
0.992287 0.000149 -0.123958 -0.054641
-0.000195 1.000000 -0.000361 0.000919
0.123958 0.000383 0.992287 1.947811
70
0.992598 0.000362 -0.121442 -0.054761
-0.000375 1.000000 -0.000084 -0.000822
0.121442 0.000129 0.992599 1.986840
71
0.992772 0.000463 -0.120016 -0.053520
-0.000482 1.000000 -0.000126 0.001405
0.120016 0.000183 0.992772 2.025054
72
0.992860 0.000299 -0.119287 -0.052512
-0.000334 1.000000 -0.000269 -0.000115
0.119287 0.000307 0.992860 2.064169
73
0.993291 -0.000027 -0.115645 -0.053242
0.000002 1.000000 -0.000216 -0.001185
0.115645 0.000215 0.993291 2.100736
74
0.993423 0.000286 -0.114499 -0.052502
-0.000344 1.000000 -0.000487 0.001799
0.114498 0.000523 0.993423 2.138225
75
0.993730 0.000420 -0.111810 -0.051185
-0.000453 1.000000 -0.000276 -0.001160
0.111810 0.000324 0.993730 2.175909
76
0.994123 0.000167 -0.108258 -0.049779
-0.000194 1.000000 -0.000240 0.000044
0.108258 0.000260 0.994123 2.225388
77
0.994261 0.000327 -0.106985 -0.048450
-0.000384 1.000000 -0.000508 0.001583
0.106984 0.000546 0.994261 2.262953
78
0.994794 0.000503 -0.101906 -0.047542
-0.000500 1.000000 0.000048 -0.001298
0.101906 0.000003 0.994794 2.300121
79
0.995184 0.000468 -0.098027 -0.046056
-0.000457 1.000000 0.000136 0.001966
0.098027 -0.000091 0.995184 2.334865
80
0.995469 0.000853 -0.095082 -0.043467
-0.000886 1.000000 -0.000306 0.000360
0.095082 0.000389 0.995469 2.371346
81
0.996062 0.000201 -0.088664 -0.041885
-0.000168 1.000000 0.000376 0.000047
0.088664 -0.000360 0.996061 2.407385
82
0.996352 0.000006 -0.085336 -0.040177
0.000035 1.000000 0.000485 0.002191
0.085336 -0.000486 0.996352 2.443438
83
0.996746 0.000858 -0.080603 -0.038196
-0.000800 0.999999 0.000754 -0.000843
0.080603 -0.000687 0.996746 2.477434
84
0.997189 0.000536 -0.074929 -0.035729
-0.000499 1.000000 0.000508 0.000851
0.074929 -0.000469 0.997189 2.512023
85
0.997542 0.000273 -0.070077 -0.032857
-0.000242 1.000000 0.000453 0.001894
0.070078 -0.000435 0.997541 2.545908
86
0.998010 0.000020 -0.063049 -0.030288
-0.000004 1.000000 0.000247 -0.001544
0.063049 -0.000246 0.998010 2.580096
87
0.998383 -0.000067 -0.056851 -0.027974
0.000077 1.000000 0.000182 0.000429
0.056851 -0.000186 0.998383 2.612821
88
0.998685 0.000197 -0.051267 -0.024971
-0.000192 1.000000 0.000113 -0.000455
0.051267 -0.000103 0.998685 2.644991
89
0.999093 0.000676 -0.042565 -0.021668
-0.000680 1.000000 -0.000081 -0.000937
0.042565 0.000110 0.999094 2.676692
90
0.999328 0.000534 -0.036651 -0.019204
-0.000514 1.000000 0.000557 0.001432
0.036652 -0.000538 0.999328 2.697067
91
0.999580 0.000580 -0.028973 -0.015468
-0.000555 0.999999 0.000880 -0.001506
0.028974 -0.000864 0.999580 2.726762
92
0.999796 0.001088 -0.020183 -0.011933
-0.001072 0.999999 0.000815 0.000821
0.020184 -0.000793 0.999796 2.756364
93
0.999912 0.000343 -0.013239 -0.009388
-0.000324 0.999999 0.001445 0.002090
0.013239 -0.001441 0.999911 2.784006
94
0.999996 0.000449 -0.002776 -0.007093
-0.000449 1.000000 0.000082 -0.000662
0.002776 -0.000081 0.999996 2.817304
95
0.999978 0.001638 0.006379 -0.002008
-0.001638 0.999999 0.000047 0.002983
-0.006379 -0.000058 0.999980 2.844659
96
0.999878 0.001226 0.015591 0.001377
-0.001228 0.999999 0.000087 0.001024
-0.015591 -0.000106 0.999878 2.872507
97
0.999623 0.001397 0.027438 0.005289
-0.001409 0.999999 0.000413 0.000378
-0.027438 -0.000452 0.999623 2.899591
98
0.999316 0.001636 0.036948 0.011399
-0.001626 0.999999 -0.000292 0.003608
-0.036949 0.000232 0.999317 2.924919
99
0.998772 0.001525 0.049523 0.015708
-0.001545 0.999999 0.000371 0.000371
-0.049522 -0.000447 0.998773 2.952566
100
0.998038 0.001023 0.062601 0.020745
-0.001060 0.999999 0.000559 0.001054
-0.062601 -0.000625 0.998038 2.979645
101
0.997297 0.001255 0.073458 0.025598
-0.001284 0.999999 0.000346 0.003310
-0.073458 -0.000439 0.997298 3.004716
102
0.996073 0.001348 0.088526 0.031399
-0.001389 0.999999 0.000395 0.001076
-0.088525 -0.000516 0.996074 3.030987
103
0.994691 0.000580 0.102908 0.035694
-0.000603 1.000000 0.000200 0.003203
-0.102907 -0.000261 0.994691 3.055875
104
0.993098 0.000924 0.117284 0.042056
-0.000926 1.000000 -0.000031 0.000963
-0.117284 -0.000078 0.993098 3.083557
105
0.990969 0.000820 0.134088 0.047727
-0.000859 1.000000 0.000236 0.000503
-0.134087 -0.000349 0.990969 3.108094
106
0.988935 0.001225 0.148342 0.053664
-0.001168 0.999999 -0.000472 0.002025
-0.148343 0.000293 0.988936 3.132026
107
0.986381 0.000910 0.164473 0.059989
-0.000919 1.000000 -0.000018 -0.000241
-0.164473 -0.000133 0.986382 3.156136
108
0.983363 0.001413 0.181645 0.066961
-0.001360 0.999999 -0.000418 0.001134
-0.181645 0.000164 0.983364 3.179519
109
0.980455 0.000787 0.196742 0.073235
-0.000766 1.000000 -0.000180 0.002174
-0.196742 0.000026 0.980455 3.202878
110
0.976440 0.001465 0.215783 0.080391
-0.001280 0.999999 -0.000994 0.001029
-0.215785 0.000694 0.976441 3.225815
111
0.972376 0.001215 0.233419 0.086336
-0.001101 0.999999 -0.000619 0.002416
-0.233419 0.000345 0.972376 3.248639
112
0.967890 0.000970 0.251374 0.094226
-0.000904 1.000000 -0.000376 0.001460
-0.251374 0.000137 0.967890 3.271046
113
0.962387 0.001558 0.271678 0.101697
-0.001541 0.999999 -0.000276 0.001484
-0.271678 -0.000152 0.962388 3.292655
114
0.957622 0.001386 0.288024 0.108795
-0.001340 0.999999 -0.000357 0.002849
-0.288024 -0.000044 0.957623 3.312869
115
0.951777 0.001601 0.306787 0.115635
-0.001520 0.999999 -0.000503 0.001184
-0.306788 0.000013 0.951778 3.334134
116
0.945020 0.001182 0.327011 0.123578
-0.001013 0.999999 -0.000686 0.002574
-0.327012 0.000317 0.945020 3.358053
117
0.938818 0.001329 0.344412 0.131394
-0.001231 0.999999 -0.000502 0.004018
-0.344412 0.000048 0.938819 3.377101
118
0.930869 0.001067 0.365352 0.138463
-0.001136 0.999999 -0.000025 0.000790
-0.365352 -0.000392 0.930869 3.397258
119
0.923029 0.000904 0.384729 0.146763
-0.000973 1.000000 -0.000015 0.003674
-0.384729 -0.000360 0.923029 3.416080
120
0.914828 0.000892 0.403842 0.155817
-0.000743 1.000000 -0.000525 0.001099
-0.403843 0.000180 0.914828 3.439712
121
0.904972 0.000569 0.425470 0.163401
-0.000605 1.000000 -0.000052 0.001625
-0.425470 -0.000210 0.904972 3.457746
122
0.896019 0.000296 0.444015 0.171872
-0.000245 1.000000 -0.000173 0.002094
-0.444015 0.000046 0.896019 3.475772
123
0.886027 0.001110 0.463633 0.181401
-0.001098 0.999999 -0.000296 0.000301
-0.463633 -0.000246 0.886027 3.495118
124
0.875216 0.000370 0.483732 0.189787
-0.000334 1.000000 -0.000160 0.001685
-0.483732 -0.000021 0.875216 3.512478
125
0.864246 0.000198 0.503070 0.198744
-0.000344 1.000000 0.000196 0.002520
-0.503070 -0.000343 0.864246 3.534567
126
0.851655 0.001037 0.524102 0.206134
-0.001044 0.999999 -0.000283 0.000556
-0.524102 -0.000306 0.851656 3.551494
127
0.839237 0.000144 0.543766 0.215240
-0.000261 1.000000 0.000138 0.002473
-0.543766 -0.000258 0.839237 3.567375
128
0.827141 0.000515 0.561994 0.224635
-0.000552 1.000000 -0.000104 0.001253
-0.561994 -0.000224 0.827141 3.584079
129
0.812527 0.000570 0.582923 0.232396
-0.000612 1.000000 -0.000125 0.000999
-0.582923 -0.000255 0.812527 3.600158
130
0.799409 0.000296 0.600787 0.241798
-0.000329 1.000000 -0.000056 0.002539
-0.600787 -0.000153 0.799409 3.616453
131
0.784818 0.000831 0.619725 0.251441
-0.000825 1.000000 -0.000296 -0.000573
-0.619725 -0.000279 0.784819 3.632657
132
0.769283 0.000548 0.638907 0.261194
-0.000602 1.000000 -0.000133 0.000916
-0.638907 -0.000282 0.769284 3.647797
133
0.754801 0.000235 0.655954 0.270201
-0.000483 1.000000 0.000197 0.002383
-0.655953 -0.000465 0.754801 3.662680
134
0.737433 0.000412 0.675420 0.279480
-0.000850 1.000000 0.000319 -0.000412
-0.675419 -0.000810 0.737433 3.677104
135
0.720912 0.000311 0.693027 0.290282
-0.000707 1.000000 0.000287 0.002514
-0.693027 -0.000696 0.720912 3.691086
136
0.704513 0.000430 0.709691 0.299925
-0.000587 1.000000 -0.000023 0.001313
-0.709691 -0.000400 0.704513 3.705376
137
0.685219 0.000420 0.728337 0.310094
-0.000526 1.000000 -0.000083 0.001145
-0.728336 -0.000326 0.685220 3.719253
138
0.668695 0.000338 0.743537 0.320359
-0.000458 1.000000 -0.000043 0.002746
-0.743537 -0.000311 0.668695 3.732224
139
0.650246 0.000593 0.759723 0.329563
-0.001128 0.999999 0.000185 -0.000500
-0.759723 -0.000978 0.650246 3.744460
140
0.630535 0.000195 0.776161 0.340139
-0.000627 1.000000 0.000258 0.001807
-0.776160 -0.000649 0.630535 3.756661
141
0.613045 0.000124 0.790048 0.349471
-0.000194 1.000000 -0.000006 0.003249
-0.790048 -0.000149 0.613045 3.765053
142
0.591831 0.000514 0.806062 0.359173
-0.000945 1.000000 0.000057 -0.000093
-0.806062 -0.000796 0.591831 3.776315
143
0.571984 0.000171 0.820265 0.369090
-0.000570 1.000000 0.000189 0.002609
-0.820264 -0.000576 0.571984 3.787062
144
0.552522 0.000098 0.833498 0.379161
-0.000553 1.000000 0.000249 0.001336
-0.833498 -0.000599 0.552522 3.798617
145
0.530574 0.000358 0.847638 0.389613
-0.000558 1.000000 -0.000074 0.000617
-0.847638 -0.000434 0.530574 3.809007
146
0.511040 0.000851 0.859556 0.398955
-0.000779 1.000000 -0.000527 0.003253
-0.859557 -0.000400 0.511040 3.819173
147
0.489484 0.000267 0.872012 0.408981
-0.000803 1.000000 0.000144 -0.000134
-0.872012 -0.000771 0.489484 3.828509
148
0.467722 0.000256 0.883875 0.419143
-0.000404 1.000000 -0.000076 0.001472
-0.883875 -0.000321 0.467722 3.837969
149
0.447815 0.000294 0.894126 0.430674
-0.000461 1.000000 -0.000097 0.003118
-0.894126 -0.000368 0.447815 3.846693
150
0.424497 0.000443 0.905429 0.439909
-0.000979 1.000000 -0.000031 0.000971
-0.905429 -0.000874 0.424497 3.856164
151
0.402181 0.000257 0.915560 0.450718
-0.000602 1.000000 -0.000016 0.004142
-0.915560 -0.000544 0.402181 3.865732
152
0.381551 0.000696 0.924347 0.461092
-0.000655 1.000000 -0.000483 0.001138
-0.924347 -0.000421 0.381552 3.874364
153
0.358009 0.000644 0.933718 0.471522
-0.000623 1.000000 -0.000450 0.000992
-0.933718 -0.000420 0.358009 3.881452
154
0.337076 0.000448 0.941477 0.481590
-0.000857 1.000000 -0.000169 0.002447
-0.941477 -0.000750 0.337077 3.889127
155
0.315121 0.000661 0.949051 0.491089
-0.001028 0.999999 -0.000355 0.000142
-0.949051 -0.000863 0.315121 3.896426
156
0.293102 0.001238 0.956081 0.502540
-0.000338 0.999999 -0.001192 0.001834
-0.956081 0.000026 0.293102 3.903749
157
0.272732 0.001221 0.962089 0.511725
-0.000167 0.999999 -0.001222 0.003196
-0.962090 0.000172 0.272732 3.909993
158
0.249173 0.000799 0.968459 0.522057
-0.000347 1.000000 -0.000735 -0.000001
-0.968459 -0.000153 0.249173 3.915918
159
0.227349 0.000748 0.973813 0.532203
0.000124 1.000000 -0.000797 0.003141
-0.973813 0.000302 0.227349 3.922175
160
0.206287 0.001213 0.978491 0.542177
-0.000378 0.999999 -0.001160 0.001326
-0.978491 -0.000131 0.206287 3.927831
161
0.183048 0.000978 0.983104 0.552494
-0.000114 1.000000 -0.000974 0.001079
-0.983104 0.000066 0.183048 3.932668
162
0.163252 0.000986 0.986584 0.562973
0.000157 0.999999 -0.001025 0.002435
-0.986584 0.000322 0.163251 3.937931
163
0.142114 0.001212 0.989850 0.573316
-0.000282 0.999999 -0.001184 -0.000793
-0.989850 -0.000111 0.142114 3.942620
164
0.120785 0.001367 0.992678 0.583419
0.000031 0.999999 -0.001380 0.001015
-0.992679 0.000197 0.120785 3.946492
165
0.101612 0.001077 0.994823 0.593814
-0.000283 0.999999 -0.001054 0.003085
-0.994824 -0.000174 0.101613 3.949993
166
0.079285 0.001430 0.996851 0.604273
-0.000108 0.999999 -0.001426 -0.000061
-0.996852 0.000005 0.079285 3.953396
167
0.059336 0.001237 0.998237 0.614497
-0.000043 0.999999 -0.001237 0.001916
-0.998238 0.000031 0.059336 3.956666
168
0.040524 0.001062 0.999178 0.623974
0.000311 0.999999 -0.001076 0.000194
-0.999179 0.000354 0.040523 3.959910
169
0.019648 0.001501 0.999806 0.633576
0.000004 0.999999 -0.001501 0.000206
-0.999807 0.000033 0.019648 3.961598
170
0.001703 0.001303 0.999998 0.644453
0.000327 0.999999 -0.001303 0.001530
-0.999998 0.000330 0.001703 3.964363
171
-0.017051 0.001839 0.999853 0.653594
0.000754 0.999998 -0.001826 -0.000964
-0.999854 0.000723 -0.017053 3.966655
172
-0.036994 0.001079 0.999315 0.662279
0.000540 0.999999 -0.001059 0.000547
-0.999315 0.000500 -0.036995 3.967932
173
-0.054214 0.001675 0.998528 0.673919
0.000428 0.999999 -0.001654 0.002285
-0.998529 0.000338 -0.054215 3.969324
174
-0.075116 0.001657 0.997173 0.682999
0.000231 0.999999 -0.001644 -0.001217
-0.997175 0.000107 -0.075116 3.970172
175
-0.094174 0.001375 0.995555 0.693994
0.000588 0.999999 -0.001326 0.002063
-0.995556 0.000461 -0.094175 3.970433
176
-0.112321 0.001332 0.993671 0.704718
0.000276 0.999999 -0.001310 -0.000538
-0.993672 0.000127 -0.112321 3.970835
177
-0.133818 0.001283 0.991005 0.714953
0.000445 0.999999 -0.001235 -0.000097
-0.991006 0.000275 -0.133819 3.971015
178
-0.151624 0.001647 0.988437 0.727237
0.000734 0.999999 -0.001554 0.001811
-0.988438 0.000489 -0.151625 3.972908
179
-0.171076 0.001852 0.985256 0.737213
0.000172 0.999998 -0.001850 -0.001569
-0.985258 -0.000147 -0.171076 3.971929
180
-0.190998 0.001569 0.981589 0.747986
0.000630 0.999999 -0.001476 0.000162
-0.981590 0.000337 -0.190999 3.971258
181
-0.209313 0.001098 0.977848 0.759508
0.000439 0.999999 -0.001029 0.001637
-0.977849 0.000214 -0.209313 3.970680
182
-0.230262 0.001975 0.973127 0.771073
0.000608 0.999998 -0.001886 -0.000941
-0.973128 0.000158 -0.230263 3.969322
183
-0.249897 0.001412 0.968271 0.783037
0.001009 0.999999 -0.001198 0.001843
-0.968272 0.000677 -0.249898 3.968911
184
-0.267980 0.001470 0.963423 0.794042
0.000924 0.999999 -0.001269 0.000009
-0.963424 0.000551 -0.267981 3.967335
185
-0.289030 0.000899 0.957320 0.805362
0.000463 1.000000 -0.000799 -0.000091
-0.957320 0.000213 -0.289030 3.965477
186
-0.307151 0.001384 0.951660 0.817494
0.000803 0.999999 -0.001195 0.001310
-0.951661 0.000398 -0.307151 3.962482
187
-0.326147 0.001482 0.945318 0.830097
0.000711 0.999999 -0.001322 -0.001615
-0.945319 0.000240 -0.326148 3.960312
188
-0.345555 0.001687 0.938397 0.841187
0.000973 0.999998 -0.001440 -0.000443
-0.938398 0.000415 -0.345556 3.954591
189
-0.363267 0.001682 0.931684 0.853622
0.001212 0.999998 -0.001333 0.000832
-0.931684 0.000645 -0.363268 3.952341
190
-0.383635 0.001364 0.923484 0.864788
0.000623 0.999999 -0.001219 -0.001466
-0.923485 0.000107 -0.383635 3.948890
191
-0.402686 0.001543 0.915337 0.876893
0.001101 0.999999 -0.001201 0.000955
-0.915338 0.000524 -0.402687 3.946034
192
-0.420005 0.001715 0.907520 0.889033
0.001109 0.999998 -0.001376 -0.000983
-0.907521 0.000428 -0.420007 3.942027
193
-0.439659 0.002041 0.898163 0.900782
0.001534 0.999998 -0.001521 -0.001643
-0.898164 0.000709 -0.439661 3.935113
194
-0.456600 0.001782 0.889670 0.913140
0.000953 0.999998 -0.001514 0.001141
-0.889671 0.000156 -0.456601 3.930963
195
-0.474051 0.002217 0.880495 0.925924
0.001206 0.999998 -0.001869 -0.001542
-0.880497 0.000176 -0.474052 3.926175
196
-0.492478 0.001528 0.870323 0.937706
0.001209 0.999999 -0.001071 -0.000841
-0.870324 0.000525 -0.492479 3.921342
197
-0.509057 0.002092 0.860730 0.949924
0.001597 0.999998 -0.001486 0.000082
-0.860731 0.000618 -0.509059 3.917426
198
-0.527683 0.002238 0.849438 0.962755
0.001319 0.999997 -0.001815 -0.001549
-0.849440 0.000163 -0.527685 3.911689
199
-0.545030 0.002070 0.838414 0.975510
0.001537 0.999998 -0.001470 0.000838
-0.838415 0.000488 -0.545032 3.906183
200
-0.560711 0.002626 0.828007 0.988694
0.001772 0.999996 -0.001971 -0.000840
-0.828010 0.000362 -0.560714 3.900782
201
-0.578419 0.002188 0.815737 1.001013
0.001738 0.999997 -0.001450 -0.001899
-0.815738 0.000578 -0.578422 3.894587
202
-0.593827 0.002490 0.804589 1.013034
0.001634 0.999997 -0.001888 0.000422
-0.804591 0.000193 -0.593829 3.888483
203
-0.610299 0.001792 0.792169 1.025198
0.001098 0.999998 -0.001417 -0.001902
-0.792170 0.000005 -0.610300 3.882310
204
-0.626662 0.002590 0.779287 1.038937
0.002189 0.999996 -0.001564 -0.001302
-0.779288 0.000726 -0.626665 3.875469
205
-0.640367 0.002629 0.768064 1.051783
0.002218 0.999996 -0.001574 -0.000067
-0.768066 0.000695 -0.640371 3.869549
206
-0.656736 0.003001 0.754114 1.064562
0.002147 0.999995 -0.002110 -0.002910
-0.754117 0.000234 -0.656740 3.862254
207
-0.671864 0.002777 0.740669 1.077265
0.002189 0.999996 -0.001764 0.000125
-0.740671 0.000436 -0.671867 3.855420
208
-0.685436 0.003169 0.728126 1.089871
0.002093 0.999995 -0.002382 -0.001757
-0.728130 -0.000108 -0.685439 3.846919
209
-0.701030 0.002886 0.713126 1.103243
0.002214 0.999996 -0.001871 -0.002483
-0.713128 0.000268 -0.701034 3.839632
210
-0.713771 0.002754 0.700374 1.115166
0.001869 0.999996 -0.002027 0.000067
-0.700376 -0.000138 -0.713774 3.831068
211
-0.727014 0.002964 0.686616 1.127016
0.002075 0.999996 -0.002120 -0.002408
-0.686619 -0.000116 -0.727017 3.823014
212
-0.741098 0.002894 0.671391 1.140219
0.002198 0.999996 -0.001884 -0.001389
-0.671393 0.000079 -0.741101 3.814931
213
-0.752812 0.003182 0.658228 1.152876
0.002508 0.999995 -0.001966 -0.000336
-0.658231 0.000170 -0.752816 3.806171
214
-0.766545 0.002682 0.642185 1.163586
0.002041 0.999996 -0.001740 -0.002679
-0.642187 -0.000023 -0.766548 3.797230
215
-0.778806 0.003482 0.627255 1.176296
0.002813 0.999994 -0.002059 -0.000492
-0.627258 0.000161 -0.778811 3.788872
216
-0.789845 0.003095 0.613299 1.189444
0.002269 0.999995 -0.002124 -0.001682
-0.613303 -0.000286 -0.789848 3.778839
217
-0.802288 0.003361 0.596928 1.201015
0.002471 0.999994 -0.002310 -0.001932
-0.596932 -0.000379 -0.802292 3.770358
218
-0.812594 0.003003 0.582823 1.212810
0.002437 0.999995 -0.001755 -0.000166
-0.582825 -0.000005 -0.812597 3.760769
219
-0.823400 0.002928 0.567453 1.224987
0.002299 0.999996 -0.001824 -0.002978
-0.567456 -0.000197 -0.823404 3.750944
220
-0.833946 0.003145 0.551836 1.236568
0.002682 0.999995 -0.001645 -0.001467
-0.551839 0.000108 -0.833951 3.740661
221
-0.843230 0.002772 0.537546 1.248516
0.002357 0.999996 -0.001458 -0.000240
-0.537548 0.000037 -0.843233 3.731073
222
-0.853857 0.003325 0.520498 1.260852
0.002692 0.999994 -0.001971 -0.002487
-0.520501 -0.000281 -0.853861 3.720247
223
-0.863066 0.003218 0.505081 1.272604
0.002728 0.999995 -0.001710 0.000113
-0.505084 -0.000098 -0.863070 3.710316
224
-0.871465 0.003043 0.490448 1.283979
0.002557 0.999995 -0.001661 -0.002096
-0.490451 -0.000193 -0.871469 3.699361
225
-0.881009 0.002555 0.473092 1.295967
0.002138 0.999997 -0.001419 -0.002025
-0.473094 -0.000238 -0.881012 3.688332
226
-0.888754 0.003256 0.458372 1.307975
0.002987 0.999995 -0.001311 -0.000152
-0.458374 0.000204 -0.888759 3.677747
227
-0.896286 0.002783 0.443468 1.317947
0.002445 0.999996 -0.001333 -0.003148
-0.443470 -0.000111 -0.896289 3.665225
228
-0.904399 0.002921 0.426677 1.330121
0.002782 0.999996 -0.000948 -0.002006
-0.426678 0.000330 -0.904404 3.653750
229
-0.910748 0.003370 0.412949 1.341700
0.003017 0.999994 -0.001507 -0.000996
-0.412952 -0.000127 -0.910753 3.641093
230
-0.918537 0.003519 0.395319 1.353773
0.003179 0.999994 -0.001515 -0.003317
-0.395322 -0.000135 -0.918543 3.629744
231
-0.924989 0.003401 0.379979 1.365103
0.003107 0.999994 -0.001388 -0.000479
-0.379981 -0.000103 -0.924994 3.617604
232
-0.930697 0.003433 0.365774 1.375779
0.003283 0.999994 -0.001033 -0.002340
-0.365775 0.000240 -0.930703 3.604788
233
-0.937407 0.003129 0.348221 1.385610
0.002987 0.999995 -0.000945 -0.002020
-0.348223 0.000155 -0.937412 3.591624
234
-0.942338 0.003087 0.334649 1.396063
0.003021 0.999995 -0.000716 -0.001009
-0.334650 0.000336 -0.942342 3.578906
235
-0.947441 0.003670 0.319909 1.406351
0.003463 0.999993 -0.001216 -0.004112
-0.319912 -0.000044 -0.947447 3.566057
236
-0.952677 0.003213 0.303969 1.416642
0.003151 0.999995 -0.000695 -0.002399
-0.303969 0.000295 -0.952682 3.553368
237
-0.956778 0.003267 0.290800 1.426904
0.003351 0.999994 -0.000208 -0.002187
-0.290799 0.000775 -0.956784 3.540892
238
-0.961499 0.003572 0.274784 1.437278
0.003562 0.999994 -0.000536 -0.003624
-0.274785 0.000464 -0.961506 3.526368
239
-0.965611 0.003066 0.259974 1.445744
0.003192 0.999995 0.000064 -0.000896
-0.259973 0.000891 -0.965616 3.512773
240
-0.969085 0.003205 0.246708 1.455930
0.003115 0.999995 -0.000755 -0.002775
-0.246709 0.000037 -0.969090 3.498673
241
-0.972908 0.003310 0.231168 1.464741
0.003315 0.999994 -0.000369 -0.003117
-0.231168 0.000407 -0.972914 3.484099
242
-0.975875 0.003420 0.218304 1.474533
0.003422 0.999994 -0.000367 -0.001473
-0.218304 0.000389 -0.975881 3.470111
243
-0.978757 0.003054 0.205002 1.483819
0.003117 0.999995 -0.000014 -0.004193
-0.205001 0.000626 -0.978762 3.455970
244
-0.981601 0.003024 0.190922 1.492627
0.003105 0.999995 0.000124 -0.001790
-0.190920 0.000715 -0.981605 3.441057
245
-0.983910 0.002531 0.178645 1.501716
0.002638 0.999996 0.000362 -0.001107
-0.178643 0.000828 -0.983914 3.425843
246
-0.986493 0.002872 0.163780 1.511000
0.002945 0.999996 0.000203 -0.003979
-0.163779 0.000682 -0.986497 3.410613
247
-0.988545 0.003073 0.150898 1.519336
0.003140 0.999995 0.000206 -0.001110
-0.150896 0.000678 -0.988549 3.395092
248
-0.990176 0.002920 0.139795 1.527645
0.002938 0.999996 -0.000074 -0.003292
-0.139795 0.000338 -0.990180 3.379426
249
-0.992065 0.002484 0.125702 1.535118
0.002539 0.999997 0.000279 -0.002704
-0.125701 0.000596 -0.992068 3.364734
250
-0.993340 0.003278 0.115177 1.544885
0.003337 0.999994 0.000316 -0.001986
-0.115176 0.000698 -0.993345 3.348861
251
-0.994645 0.003128 0.103305 1.552635
0.003134 0.999995 -0.000103 -0.004135
-0.103305 0.000221 -0.994650 3.332927
252
-0.995789 0.002801 0.091637 1.559427
0.002861 0.999996 0.000519 -0.002792
-0.091635 0.000779 -0.995792 3.316879
253
-0.996698 0.002725 0.081150 1.566752
0.002744 0.999996 0.000121 -0.001862
-0.081149 0.000344 -0.996702 3.300093
254
-0.997591 0.003483 0.069281 1.574993
0.003505 0.999994 0.000196 -0.003871
-0.069280 0.000438 -0.997597 3.283216
255
-0.998278 0.002884 0.058595 1.580402
0.002899 0.999996 0.000166 -0.001548
-0.058594 0.000336 -0.998282 3.266968
256
-0.998746 0.003433 0.049945 1.588087
0.003478 0.999994 0.000797 -0.003862
-0.049942 0.000970 -0.998752 3.250934
257
-0.999270 0.002973 0.038081 1.593789
0.002980 0.999996 0.000126 -0.003947
-0.038081 0.000239 -0.999275 3.233268
258
-0.999538 0.003123 0.030232 1.599620
0.003136 0.999995 0.000403 -0.001997
-0.030230 0.000498 -0.999543 3.216819
259
-0.999779 0.003016 0.020816 1.605313
0.003027 0.999995 0.000465 -0.003896
-0.020815 0.000528 -0.999783 3.199244
260
-0.999931 0.003087 0.011361 1.611148
0.003086 0.999995 -0.000131 -0.002998
-0.011361 -0.000096 -0.999935 3.181767
261
-0.999986 0.003366 0.004151 1.617186
0.003367 0.999994 0.000141 -0.001616
-0.004150 0.000155 -0.999991 3.163627
262
-0.999978 0.003010 -0.005859 1.621815
0.003007 0.999995 0.000539 -0.004446
0.005861 0.000521 -0.999983 3.145706
263
-0.999894 0.003160 -0.014242 1.626841
0.003145 0.999994 0.001088 -0.001102
0.014246 0.001043 -0.999898 3.128716
264
-0.999794 0.003220 -0.020031 1.632224
0.003203 0.999994 0.000868 -0.003131
0.020033 0.000803 -0.999799 3.107912
265
-0.999590 0.002858 -0.028482 1.636048
0.002849 0.999996 0.000348 -0.003837
0.028483 0.000267 -0.999594 3.088466
266
-0.999424 0.002877 -0.033802 1.640806
0.002867 0.999996 0.000341 -0.001846
0.033802 0.000243 -0.999429 3.068669
267
-0.999196 0.002796 -0.039996 1.645715
0.002765 0.999996 0.000818 -0.004168
0.039998 0.000707 -0.999199 3.047565
268
-0.998941 0.003100 -0.045894 1.650337
0.003075 0.999995 0.000611 -0.003254
0.045896 0.000469 -0.998946 3.026482
269
-0.998798 0.003254 -0.048910 1.654772
0.003226 0.999995 0.000662 -0.001760
0.048912 0.000504 -0.998803 3.005046
270
-0.998487 0.003335 -0.054891 1.658322
0.003327 0.999994 0.000232 -0.003588
0.054891 0.000049 -0.998492 2.980461
271
-0.998236 0.003697 -0.059255 1.662881
0.003694 0.999993 0.000161 -0.001118
0.059255 -0.000058 -0.998243 2.958198
272
-0.998041 0.003409 -0.062465 1.667104
0.003385 0.999994 0.000499 -0.003557
0.062466 0.000287 -0.998047 2.935326
273
-0.997759 0.003724 -0.066813 1.670088
0.003722 0.999993 0.000162 -0.002662
0.066813 -0.000087 -0.997766 2.910956
274
-0.997644 0.003389 -0.068517 1.674048
0.003397 0.999994 0.000002 -0.002376
0.068517 -0.000231 -0.997650 2.886118
275
-0.997488 0.003326 -0.070757 1.676896
0.003313 0.999994 0.000299 -0.003770
0.070757 0.000064 -0.997494 2.861869
276
-0.997289 0.003275 -0.073514 1.682717
0.003294 0.999995 -0.000128 -0.003435
0.073513 -0.000370 -0.997294 2.837172
277
-0.997314 0.003063 -0.073185 1.686349
0.003104 0.999995 -0.000458 -0.002345
0.073183 -0.000684 -0.997318 2.810501
278
-0.997106 0.003459 -0.075940 1.690003
0.003460 0.999994 0.000121 -0.004949
0.075940 -0.000142 -0.997112 2.784150
279
-0.996976 0.003140 -0.077645 1.692394
0.003193 0.999995 -0.000559 -0.002559
0.077643 -0.000805 -0.996981 2.757574
280
-0.997015 0.002914 -0.077148 1.694656
0.002960 0.999996 -0.000472 -0.003281
0.077147 -0.000699 -0.997020 2.730910
281
-0.996890 0.003592 -0.078726 1.698541
0.003661 0.999993 -0.000737 -0.004037
0.078723 -0.001023 -0.996896 2.702889
282
-0.996964 0.003038 -0.077802 1.699843
0.003082 0.999995 -0.000448 -0.002125
0.077800 -0.000687 -0.996969 2.676754
283
-0.997020 0.003417 -0.077074 1.703560
0.003493 0.999994 -0.000852 -0.004500
0.077070 -0.001119 -0.997025 2.647710
284
-0.997006 0.003689 -0.077236 1.708096
0.003726 0.999993 -0.000333 -0.003836
0.077234 -0.000620 -0.997013 2.620445
285
-0.997186 0.004225 -0.074848 1.709671
0.004305 0.999990 -0.000909 -0.001329
0.074844 -0.001229 -0.997195 2.591652
286
-0.997187 0.003848 -0.074859 1.711425
0.003935 0.999992 -0.001019 -0.004853
0.074855 -0.001311 -0.997194 2.562108
287
-0.997280 0.003791 -0.073606 1.713790
0.003882 0.999992 -0.001093 -0.002019
0.073601 -0.001375 -0.997287 2.533240
288
-0.997493 0.003532 -0.070670 1.717769
