222
1619
15434

64 333
0.071682 0.031293 -0.996937 -2.392452
-0.043976 0.998635 0.028184 -1.270942
0.996458 0.041821 0.072960 2.118635
0 0
1.000000 0.000000 0.000000 -0.000000
0.000000 1.000000 0.000000 -0.000000
0.000000 0.000000 1.000000 -0.000000
73 372
-0.156125 -0.018954 -0.987555 -2.826948
-0.031854 0.999392 -0.014145 -1.372376
0.987224 0.029249 -0.156634 2.116705
9 20
0.999837 -0.002419 0.017891 -0.039052
0.003339 0.998662 -0.051596 -0.031486
-0.017743 0.051648 0.998508 0.417748
65 337
0.046820 0.035769 -0.998263 -2.434575
-0.052286 0.998076 0.033310 -1.297182
0.997534 0.050635 0.048601 2.112687
1 2
0.999972 0.005356 -0.005183 -0.005182
-0.005358 0.999986 -0.000352 -0.002806
0.005181 0.000380 0.999987 0.042620
66 342
0.038673 0.042619 -0.998343 -2.491251
-0.063842 0.997154 0.040096 -1.313164
0.997210 0.062186 0.041283 2.105944
2 3
0.999963 0.007862 -0.003348 -0.008193
-0.007869 0.999967 -0.001864 -0.001320
0.003333 0.001890 0.999993 0.064605
68 351
0.046752 0.016794 -0.998765 -2.590794
-0.049557 0.998666 0.014472 -1.339043
0.997676 0.048819 0.047522 2.097250
4 7
0.999878 0.011450 -0.010637 -0.018724
-0.011697 0.999656 -0.023486 0.013715
0.010364 0.023608 0.999668 0.149926
71 363
0.063029 0.000444 -0.998012 -2.715573
-0.012564 0.999921 -0.000348 -1.373384
0.997933 0.012561 0.063030 2.112234
7 14
0.999862 0.004308 0.016042 -0.034162
-0.003180 0.997562 -0.069710 -0.009130
-0.016304 0.069649 0.997438 0.287498
10 23
0.999933 -0.006055 0.009896 -0.038405
0.006487 0.999004 -0.044143 -0.032404
-0.009619 0.044204 0.998976 0.484116
11 27
0.999818 -0.011992 -0.014857 -0.034021
0.011373 0.999091 -0.041080 -0.050128
0.015336 0.040904 0.999045 0.567906
12 30
0.999336 -0.012693 -0.034156 -0.034103
0.011672 0.999484 -0.029934 -0.075544
0.034518 0.029516 0.998968 0.619639
14 38
0.999510 -0.011950 -0.028931 -0.043200
0.012386 0.999812 0.014923 -0.122350
0.028747 -0.015274 0.999470 0.748555
17 51
0.998617 0.008145 0.051931 -0.070057
-0.009582 0.999576 0.027485 -0.196243
-0.051685 -0.027944 0.998272 0.899117
18 56
0.999353 0.020983 0.029208 -0.075568
-0.021366 0.999689 0.012840 -0.216114
-0.028929 -0.013456 0.999491 0.952776
19 62
0.999631 0.027025 0.002708 -0.078855
-0.027039 0.999621 0.005220 -0.264379
-0.002566 -0.005292 0.999983 1.002500
20 67
0.999541 0.029785 0.005490 -0.084322
-0.029798 0.999553 0.002396 -0.289512
-0.005416 -0.002558 0.999982 1.051087
21 72
0.999419 0.026413 0.021555 -0.088825
-0.026272 0.999632 -0.006790 -0.310853
-0.021726 0.006220 0.999745 1.101046
22 76
0.999241 0.019021 0.033996 -0.089135
-0.019065 0.999818 0.000978 -0.340445
-0.033971 -0.001625 0.999422 1.142590
23 80
0.998833 0.009615 0.047336 -0.086572
-0.010160 0.999885 0.011296 -0.359990
-0.047222 -0.011763 0.998815 1.186227
24 85
0.998484 0.005884 0.054732 -0.083796
-0.007030 0.999760 0.020760 -0.378115
-0.054596 -0.021113 0.998285 1.246168
25 90
0.999489 -0.002903 0.031842 -0.080951
0.002108 0.999686 0.024974 -0.411289
-0.031904 -0.024894 0.999181 1.297393
26 95
0.999936 -0.008778 0.007181 -0.085002
0.008558 0.999511 0.030084 -0.439910
-0.007442 -0.030020 0.999522 1.351444
28 105
0.999654 0.008670 0.024845 -0.114390
-0.008973 0.999887 0.012102 -0.495481
-0.024737 -0.012321 0.999618 1.455820
29 110
0.998781 0.016561 0.046504 -0.121330
-0.016953 0.999824 0.008061 -0.520141
-0.046362 -0.008840 0.998886 1.511815
30 115
0.998481 0.022660 0.050214 -0.123526
-0.022336 0.999726 -0.007006 -0.536304
-0.050359 0.005874 0.998714 1.577629
31 121
0.999573 0.028457 0.006607 -0.122449
-0.028414 0.999575 -0.006465 -0.573489
-0.006788 0.006275 0.999957 1.657121
32 127
0.998565 0.025749 -0.046965 -0.125116
-0.025259 0.999621 0.010987 -0.601336
0.047230 -0.009785 0.998836 1.748043
33 134
0.998348 0.000914 -0.057455 -0.125083
-0.001898 0.999852 -0.017085 -0.593568
0.057431 0.017166 0.998202 1.848283
34 140
0.996525 -0.019044 -0.081091 -0.126032
0.016576 0.999382 -0.030997 -0.612684
0.081631 0.029545 0.996225 1.935249
35 147
0.977374 -0.016781 -0.210851 -0.135079
0.011550 0.999595 -0.026016 -0.616038
0.211202 0.022992 0.977172 2.034914
36 153
0.913914 0.011386 -0.405748 -0.160201
-0.017840 0.999767 -0.012128 -0.620066
0.405515 0.018323 0.913905 2.104736
37 159
0.776964 0.039612 -0.628297 -0.208394
-0.031720 0.999214 0.023771 -0.625328
0.628745 0.001460 0.777610 2.160477
38 167
0.533867 0.065499 -0.843028 -0.309008
-0.033078 0.997850 0.056581 -0.608442
0.844921 -0.002321 0.534885 2.198760
39 175
0.339211 0.071834 -0.937964 -0.436931
-0.044813 0.997182 0.060163 -0.613442
0.939642 0.021625 0.341474 2.211062
40 182
0.186653 0.074970 -0.979561 -0.555153
-0.049133 0.996549 0.066908 -0.602120
0.981197 0.035640 0.189692 2.221617
41 188
0.090432 0.065319 -0.993758 -0.666054
-0.043248 0.997163 0.061608 -0.598348
0.994963 0.037406 0.093000 2.237690
42 194
0.046597 0.093310 -0.994546 -0.778402
-0.035525 0.995153 0.091703 -0.612083
0.998282 0.031059 0.049686 2.245400
43 203
0.039051 0.066534 -0.997020 -0.923026
-0.028034 0.997461 0.065466 -0.621175
0.998844 0.025394 0.040817 2.231633
44 210
0.064485 0.045082 -0.996900 -1.026903
-0.017569 0.998875 0.044035 -0.664997
0.997764 0.014675 0.065205 2.222345
45 221
0.071448 0.025337 -0.997122 -1.173750
-0.053932 0.998313 0.021503 -0.718689
0.995985 0.052240 0.072694 2.203999
46 226
0.054517 0.038253 -0.997780 -1.239711
-0.054332 0.997899 0.035289 -0.749305
0.997034 0.052288 0.056481 2.200467
48 241
0.085669 0.060071 -0.994511 -1.425012
-0.026742 0.997960 0.057976 -0.820095
0.995965 0.021629 0.087100 2.195688
49 249
0.076179 0.063481 -0.995071 -1.516881
-0.029452 0.997679 0.061392 -0.853177
0.996659 0.024630 0.077872 2.195784
50 254
0.054822 0.067028 -0.996244 -1.568612
-0.036459 0.997213 0.065087 -0.880645
0.997830 0.032754 0.057113 2.187850
51 260
0.046571 0.062501 -0.996958 -1.632782
-0.039941 0.997359 0.060661 -0.902336
0.998116 0.036994 0.048944 2.176981
52 265
0.067431 0.068326 -0.995382 -1.691046
-0.040176 0.997029 0.065717 -0.935495
0.996915 0.035559 0.069975 2.169097
53 269
0.085926 0.073132 -0.993614 -1.734092
-0.043569 0.996624 0.069586 -0.954233
0.995348 0.037312 0.088822 2.164676
54 274
0.080520 0.066485 -0.994533 -1.790059
-0.049839 0.996793 0.062601 -0.973358
0.995506 0.044526 0.083575 2.163694
55 279
0.062451 0.066313 -0.995843 -1.839848
-0.048921 0.996794 0.063309 -1.005162
0.996848 0.044764 0.065495 2.164110
56 284
0.041419 0.075928 -0.996253 -1.894266
-0.041715 0.996370 0.074203 -1.029650
0.998271 0.038486 0.044436 2.160442
57 291
0.055521 0.067869 -0.996148 -1.965758
-0.017132 0.997605 0.067013 -1.065849
0.998311 0.013346 0.056551 2.157630
58 297
0.092343 0.071735 -0.993140 -2.028085
-0.018999 0.997347 0.070273 -1.099774
0.995546 0.012379 0.093461 2.152331
59 303
0.089909 0.059199 -0.994189 -2.088846
-0.028125 0.997985 0.056881 -1.125193
0.995553 0.022848 0.091393 2.150784
60 309
0.060541 0.055699 -0.996610 -2.145642
-0.019387 0.998319 0.054617 -1.163663
0.997977 0.016015 0.061519 2.151440
61 314
0.043981 0.053555 -0.997596 -2.196585
-0.018567 0.998433 0.052782 -1.178295
0.998860 0.016201 0.044906 2.146202
62 321
0.068136 0.037752 -0.996962 -2.266935
-0.019129 0.999150 0.036528 -1.218573
0.997493 0.016582 0.068800 2.131585
63 327
0.096708 0.032341 -0.994787 -2.327343
-0.031841 0.999061 0.029385 -1.247513
0.994803 0.028833 0.097647 2.122630
69 355
0.055979 0.005282 -0.998418 -2.627799
-0.037395 0.999295 0.003190 -1.358112
0.997731 0.037157 0.056137 2.097806
70 359
0.064755 0.002406 -0.997898 -2.669571
-0.022167 0.999754 0.000972 -1.371375
0.997655 0.022058 0.064793 2.104900
72 367
-0.000259 -0.006550 -0.999979 -2.766823
-0.016586 0.999841 -0.006545 -1.370645
0.999862 0.016584 -0.000368 2.117316
74 376
-0.303289 -0.013072 -0.952809 -2.872773
-0.035459 0.999368 -0.002424 -1.379633
0.952239 0.033051 -0.303561 2.104261
75 380
-0.494554 -0.003068 -0.869141 -2.912751
-0.034590 0.999271 0.016155 -1.376679
0.868458 0.038053 -0.494300 2.077608
76 385
-0.683442 0.008481 -0.729955 -2.948863
-0.022257 0.999226 0.032448 -1.364019
0.729665 0.038423 -0.682724 2.033323
77 390
-0.805784 0.009716 -0.592130 -2.975679
-0.007544 0.999616 0.026670 -1.359063
0.592162 0.025957 -0.805401 1.980447
78 395
-0.883916 0.018584 -0.467276 -2.999276
-0.003084 0.998957 0.045563 -1.361339
0.467635 0.041715 -0.882937 1.915639
79 400
-0.926624 0.015751 -0.375658 -3.017383
-0.003603 0.998704 0.050762 -1.352390
0.375971 0.048390 -0.925367 1.848848
80 404
-0.951027 0.007345 -0.309020 -3.030884
-0.003488 0.999399 0.034488 -1.348512
0.309087 0.033876 -0.950430 1.798089
81 409
-0.974357 0.013339 -0.224610 -3.045083
0.006873 0.999540 0.029546 -1.353460
0.224901 0.027245 -0.974001 1.731533
82 413
-0.984480 0.013459 -0.174980 -3.050076
0.007025 0.999278 0.037337 -1.351765
0.175357 0.035528 -0.983864 1.668358
83 418
-0.989840 0.018978 -0.140913 -3.051058
0.014223 0.999297 0.034674 -1.338045
0.141472 0.032317 -0.989415 1.587096
84 423
-0.988889 0.043704 -0.142085 -3.057120
0.041221 0.998942 0.020376 -1.338800
0.142826 0.014293 -0.989645 1.505034
85 428
-0.987662 0.058660 -0.145198 -3.064189
0.052843 0.997650 0.043606 -1.343207
0.147415 0.035396 -0.988441 1.414782
86 433
-0.991123 0.053786 -0.121585 -3.067538
0.047977 0.997586 0.050213 -1.333874
0.123992 0.043934 -0.991310 1.326543
87 441
-0.998784 0.045235 -0.019607 -3.071311
0.044396 0.998161 0.041265 -1.333598
0.021437 0.040344 -0.998956 1.206288
88 449
-0.990400 0.053968 0.127261 -3.046633
0.058663 0.997718 0.033430 -1.327848
-0.125167 0.040575 -0.991306 1.103891
89 456
-0.916425 0.058261 0.395943 -2.982825
0.060661 0.998137 -0.006468 -1.321298
-0.395582 0.018091 -0.918252 1.042505
90 464
-0.687491 0.030410 0.725556 -2.877271
0.049693 0.998751 0.005225 -1.320527
-0.724491 0.039647 -0.688143 0.976961
91 469
-0.507417 0.015816 0.861556 -2.804065
0.047043 0.998849 0.009370 -1.314034
-0.860416 0.045285 -0.507577 0.943551
92 477
-0.290761 0.017738 0.956631 -2.691929
0.053713 0.998554 -0.002190 -1.322691
-0.955287 0.050747 -0.291294 0.905654
93 483
-0.183781 0.008516 0.982930 -2.588343
0.059494 0.998226 0.002475 -1.313005
-0.981165 0.058933 -0.183961 0.896374
94 489
-0.161722 0.029891 0.986384 -2.488068
0.069991 0.997371 -0.018748 -1.318316
-0.984351 0.066006 -0.163389 0.898040
95 496
-0.154402 0.001569 0.988007 -2.356722
0.052823 0.998582 0.006669 -1.338547
-0.986595 0.053219 -0.154266 0.901812
96 504
-0.107725 0.013868 0.994084 -2.226353
0.057008 0.998344 -0.007750 -1.364078
-0.992545 0.055836 -0.108337 0.887050
97 510
-0.092880 0.008756 0.995639 -2.143334
0.064952 0.997885 -0.002716 -1.410257
-0.993557 0.064417 -0.093252 0.879070
98 522
-0.120032 0.020866 0.992551 -2.000905
0.072667 0.997282 -0.012177 -1.476681
-0.990107 0.070664 -0.121222 0.886465
99 533
-0.112566 0.001291 0.993643 -1.861923
0.052411 0.998615 0.004640 -1.528901
-0.992261 0.052600 -0.112478 0.891522
100 544
-0.080942 0.005064 0.996706 -1.739251
0.052534 0.998619 -0.000807 -1.586632
-0.995333 0.052295 -0.081097 0.901539
101 552
-0.126352 0.012141 0.991911 -1.655283
0.064030 0.997940 -0.004059 -1.646661
-0.989917 0.062999 -0.126870 0.904933
102 559
-0.119355 0.019037 0.992669 -1.579918
0.051488 0.998590 -0.012960 -1.677191
-0.991516 0.049564 -0.120167 0.907217
103 569
-0.107928 -0.001358 0.994158 -1.466301
0.049724 0.998740 0.006763 -1.732050
-0.992914 0.050163 -0.107724 0.911131
104 576
-0.140360 -0.000736 0.990100 -1.392813
0.069175 0.997549 0.010549 -1.775517
-0.987681 0.069971 -0.139965 0.914113
105 584
-0.184153 -0.019528 0.982704 -1.298322
0.059947 0.997718 0.031060 -1.815520
-0.981068 0.064630 -0.182562 0.915358
106 593
-0.119587 -0.030232 0.992363 -1.204863
0.055217 0.997787 0.037051 -1.874436
-0.991287 0.059226 -0.117653 0.909516
107 605
-0.147779 -0.007368 0.988993 -1.088832
0.065124 0.997730 0.017165 -1.931710
-0.986874 0.066944 -0.146964 0.915945
108 613
-0.177564 0.005412 0.984094 -1.004969
0.049470 0.998770 0.003433 -1.976111
-0.982865 0.049293 -0.177613 0.918635
109 621
-0.117419 0.007877 0.993051 -0.924485
0.031178 0.999505 -0.004241 -2.029454
-0.992593 0.030464 -0.117606 0.918472
110 630
-0.107606 0.020454 0.993983 -0.835731
0.044790 0.998873 -0.015706 -2.061756
-0.993184 0.042831 -0.108401 0.919964
111 636
-0.147631 0.013103 0.988956 -0.772907
0.058900 0.998254 -0.004434 -2.109529
-0.987287 0.057595 -0.148145 0.915547
113 652
-0.133524 -0.002514 0.991042 -0.594141
0.054225 0.998480 0.009839 -2.180233
-0.989561 0.055053 -0.133185 0.896522
114 660
-0.113706 0.004111 0.993506 -0.499881
0.051403 0.998676 0.001750 -2.190754
-0.992184 0.051268 -0.113767 0.898427
115 667
-0.089149 0.049768 0.994774 -0.409323
0.068955 0.996663 -0.043683 -2.188410
-0.993629 0.064700 -0.092283 0.906140
116 673
-0.000149 0.060565 0.998164 -0.331701
0.075720 0.995299 -0.060380 -2.207122
-0.997129 0.075572 -0.004734 0.915757
117 680
0.267365 0.067967 0.961195 -0.246421
0.055941 0.994732 -0.085899 -2.211131
-0.961970 0.076737 0.262154 0.945562
118 686
0.559049 0.056567 0.827203 -0.188612
0.027334 0.995870 -0.086574 -2.219112
-0.828684 0.071010 0.555194 0.995397
119 693
0.802189 0.018522 0.596782 -0.148122
0.021963 0.997927 -0.060495 -2.212375
-0.596666 0.061635 0.800120 1.076214
120 701
0.892992 -0.006003 0.450033 -0.125176
0.046790 0.995731 -0.079564 -2.219574
-0.447634 0.092107 0.889461 1.187282
122 715
0.974326 0.012606 0.224790 -0.104096
0.002694 0.997707 -0.067626 -2.231322
-0.225127 0.066495 0.972058 1.430793
123 723
0.988280 0.014042 0.152004 -0.100805
-0.006388 0.998692 -0.050725 -2.244438
-0.152518 0.049160 0.987077 1.570791
124 730
0.992599 0.005937 0.121293 -0.105351
0.000369 0.998652 -0.051901 -2.238003
-0.121437 0.051562 0.991259 1.697006
125 737
0.995858 -0.004076 0.090834 -0.104418
0.010088 0.997780 -0.065826 -2.257109
-0.090364 0.066469 0.993688 1.792154
126 744
0.997992 0.001195 -0.063322 -0.107998
-0.006087 0.997003 -0.077117 -2.258866
0.063040 0.077347 0.995009 1.886796
127 751
0.933660 0.009916 -0.358023 -0.139449
-0.034439 0.997470 -0.062186 -2.267677
0.356501 0.070391 0.931640 1.969829
128 757
0.785922 0.011029 -0.618227 -0.197289
-0.042054 0.998479 -0.035649 -2.258656
0.616893 0.054017 0.785191 2.031995
129 764
0.629518 -0.009194 -0.776931 -0.273563
-0.035734 0.998529 -0.040770 -2.260210
0.776164 0.053428 0.628264 2.078246
130 771
0.459639 -0.006134 -0.888085 -0.368804
-0.040311 0.998801 -0.027762 -2.263529
0.887191 0.048560 0.458840 2.121052
131 778
0.288368 -0.004308 -0.957510 -0.472005
-0.048116 0.998661 -0.018984 -2.259782
0.956310 0.051546 0.287775 2.156564
132 785
0.153144 0.015613 -0.988081 -0.588995
-0.032785 0.999405 0.010710 -2.261362
0.987660 0.030754 0.153565 2.180339
133 792
0.107983 0.016811 -0.994011 -0.708141
-0.019242 0.999705 0.014817 -2.245149
0.993967 0.017526 0.108275 2.179697
134 800
0.126410 0.022702 -0.991718 -0.844629
-0.033891 0.999253 0.018555 -2.261682
0.991399 0.031265 0.127085 2.161911
135 807
0.094336 0.021134 -0.995316 -0.958338
-0.035444 0.999212 0.017858 -2.272674
0.994909 0.033593 0.095010 2.160772
136 815
0.073630 0.024409 -0.996987 -1.065441
-0.028263 0.999350 0.022379 -2.325936
0.996885 0.026530 0.074272 2.154140
137 822
0.108932 0.011946 -0.993977 -1.147650
-0.025989 0.999620 0.009166 -2.346928
0.993709 0.024834 0.109201 2.138357
138 829
0.155115 0.018406 -0.987725 -1.228855
-0.046498 0.998854 0.011311 -2.396493
0.986802 0.044173 0.155793 2.120176
139 836
0.108345 0.033662 -0.993543 -1.314823
-0.061814 0.997721 0.027063 -2.422169
0.992190 0.058483 0.110179 2.116548
140 845
0.096245 0.052741 -0.993959 -1.412569
-0.064507 0.996826 0.046647 -2.468875
0.993265 0.059628 0.099342 2.111760
141 855
0.150209 0.051829 -0.987295 -1.516793
-0.024430 0.998515 0.048701 -2.519352
0.988352 0.016804 0.151252 2.109452
142 865
0.165387 0.071095 -0.983663 -1.630046
-0.033531 0.997227 0.066438 -2.551617
0.985659 0.021995 0.167312 2.107850
143 875
0.103032 0.074195 -0.991907 -1.732193
-0.044124 0.996573 0.069960 -2.605067
0.993699 0.036559 0.105953 2.098297
144 885
0.144740 0.049915 -0.988210 -1.825322
-0.042375 0.998123 0.044209 -2.657497
0.988562 0.035476 0.146583 2.082580
145 896
0.157881 0.043663 -0.986492 -1.941015
-0.044193 0.998333 0.037115 -2.703000
0.986469 0.037736 0.159548 2.082609
146 909
0.126837 0.051399 -0.990591 -2.076004
-0.035743 0.998245 0.047219 -2.759547
0.991279 0.029417 0.128452 2.068915
148 932
0.114616 0.079256 -0.990243 -2.333430
-0.058163 0.995638 0.072956 -2.875902
0.991706 0.049233 0.118726 2.052255
149 943
0.109959 0.072515 -0.991287 -2.452378
-0.046148 0.996632 0.067787 -2.922022
0.992864 0.038292 0.112935 2.039099
150 958
0.143936 0.065420 -0.987422 -2.633769
-0.056562 0.996725 0.057791 -2.978934
0.987969 0.047533 0.147165 2.039292
151 970
0.117137 0.047928 -0.991959 -2.776408
-0.065762 0.997017 0.040407 -3.003954
0.990936 0.060500 0.119940 2.033392
152 981
0.122528 -0.010642 -0.992408 -2.938134
-0.024890 0.999595 -0.013792 -3.015082
0.992153 0.026391 0.122213 2.036097
153 993
0.111368 -0.011628 -0.993711 -3.160438
-0.014290 0.999809 -0.013301 -3.006257
0.993677 0.015681 0.111180 2.055734
154 1005
0.082663 -0.001344 -0.996577 -3.368952
-0.021364 0.999767 -0.003121 -2.997667
0.996349 0.021549 0.082615 2.049150
155 1017
-0.031557 -0.000565 -0.999502 -3.565304
-0.008143 0.999967 -0.000308 -3.004026
0.999469 0.008129 -0.031560 2.038728
156 1028
-0.357029 -0.001663 -0.934092 -3.711434
-0.029523 0.999519 0.009505 -3.003189
0.933627 0.030971 -0.356906 1.997764
157 1039
-0.817915 0.029167 -0.574599 -3.788796
0.003079 0.998922 0.046324 -2.979862
0.575330 0.036119 -0.817123 1.864655
158 1049
-0.929634 0.039086 -0.366404 -3.820501
0.020163 0.998264 0.055333 -2.979240
0.367931 0.044051 -0.928809 1.710880
159 1061
-0.970400 0.004636 -0.241461 -3.844644
0.001095 0.999890 0.014799 -2.968928
0.241503 0.014097 -0.970298 1.510558
160 1072
-0.991064 0.011332 -0.132905 -3.842448
0.010471 0.999919 0.007181 -2.944740
0.132976 0.005725 -0.991103 1.294005
161 1086
-0.984709 0.044633 -0.168392 -3.861472
0.043284 0.998995 0.011680 -2.934208
0.168744 0.004212 -0.985651 0.998260
162 1098
-0.985697 0.026117 -0.166492 -3.853674
0.025000 0.999649 0.008807 -2.923038
0.166664 0.004519 -0.986003 0.735916
163 1107
-0.978650 0.020916 -0.204465 -3.836315
0.023943 0.999637 -0.012344 -2.924195
0.204133 -0.016976 -0.978796 0.541918
164 1116
-0.983878 0.023114 -0.177341 -3.838839
0.024133 0.999702 -0.003589 -2.899839
0.177205 -0.007811 -0.984143 0.337402
165 1129
-0.983149 0.043076 -0.177658 -3.848887
0.044564 0.998997 -0.004394 -2.885103
0.177291 -0.012237 -0.984082 0.045892
166 1138
-0.983212 0.022708 -0.181046 -3.832733
0.026330 0.999498 -0.017627 -2.896305
0.180555 -0.022098 -0.983317 -0.155793
167 1146
-0.990069 0.011394 -0.140123 -3.832743
0.011850 0.999927 -0.002422 -2.870007
0.140085 -0.004059 -0.990131 -0.346462
168 1154
-0.991863 0.014790 -0.126450 -3.835127
0.014462 0.999889 0.003515 -2.876534
0.126488 0.001658 -0.991967 -0.530853
169 1162
-0.989989 0.025536 -0.138816 -3.826133
0.026307 0.999647 -0.003727 -2.853606
0.138672 -0.007341 -0.990311 -0.710985
170 1170
-0.986533 0.034034 -0.159982 -3.822953
0.032042 0.999374 0.015012 -2.857610
0.160393 0.009684 -0.987006 -0.895694
171 1178
-0.991419 0.032971 -0.126493 -3.828164
0.032204 0.999448 0.008101 -2.847764
0.126690 0.003957 -0.991934 -1.074922
172 1188
-0.992036 0.016892 -0.124816 -3.811647
0.014602 0.999708 0.019237 -2.829207
0.125105 0.017261 -0.991993 -1.304972
173 1197
-0.988899 0.027718 -0.145984 -3.807088
0.025546 0.999534 0.016729 -2.840221
0.146380 0.012814 -0.989145 -1.507391
174 1207
-0.992730 0.016455 -0.119235 -3.809786
0.016220 0.999864 0.002943 -2.818064
0.119267 0.000988 -0.992862 -1.725509
175 1218
-0.992177 0.000110 -0.124839 -3.800947
-0.000766 0.999975 0.006967 -2.801683
0.124837 0.007008 -0.992153 -1.968413
176 1226
-0.987814 0.006030 -0.155520 -3.796807
0.006800 0.999967 -0.004419 -2.815475
0.155488 -0.005423 -0.987823 -2.139884
177 1233
-0.988337 0.018617 -0.151138 -3.804868
0.018566 0.999826 0.001747 -2.792630
0.151145 -0.001080 -0.988511 -2.295795
178 1245
-0.991078 0.014988 -0.132439 -3.807858
0.013291 0.999818 0.013687 -2.789736
0.132620 0.011804 -0.991097 -2.565411
179 1250
-0.989114 0.017095 -0.146157 -3.799521
0.015820 0.999826 0.009881 -2.769367
0.146300 0.007461 -0.989212 -2.675529
180 1255
-0.984875 0.022676 -0.171776 -3.799244
0.024254 0.999681 -0.007093 -2.781938
0.171560 -0.011152 -0.985111 -2.784086
181 1262
-0.987046 0.025735 -0.158360 -3.802495
0.024786 0.999661 0.007964 -2.767153
0.158512 0.003936 -0.987349 -2.949153
182 1267
-0.990924 0.026285 -0.131828 -3.809856
0.026158 0.999654 0.002693 -2.761771
0.131854 -0.000780 -0.991269 -3.061536
183 1272
-0.994163 0.020918 -0.105843 -3.807249
0.020894 0.999781 0.001336 -2.772118
0.105848 -0.000883 -0.994382 -3.167249
184 1277
-0.993103 0.004999 -0.117140 -3.797864
0.005431 0.999980 -0.003368 -2.752177
0.117120 -0.003981 -0.993110 -3.277718
185 1282
-0.990436 0.002275 -0.137956 -3.789014
0.004825 0.999824 -0.018150 -2.743913
0.137890 -0.018642 -0.990272 -3.387176
186 1288
-0.986892 0.009642 -0.161096 -3.790352
0.012461 0.999786 -0.016499 -2.758020
0.160902 -0.018290 -0.986801 -3.515848
187 1294
-0.989588 0.015247 -0.143121 -3.798152
0.016425 0.999840 -0.007049 -2.735787
0.142990 -0.009326 -0.989680 -3.657123
188 1300
-0.990559 0.022729 -0.135189 -3.807047
0.023760 0.999700 -0.006015 -2.744547
0.135011 -0.009170 -0.990802 -3.789257
189 1306
-0.993628 0.015685 -0.111614 -3.801164
0.014370 0.999818 0.012570 -2.733868
0.111791 0.010886 -0.993672 -3.928977
190 1312
-0.993520 0.017770 -0.112261 -3.792849
0.018524 0.999812 -0.005674 -2.720915
0.112139 -0.007717 -0.993663 -4.055350
191 1318
-0.989970 0.017096 -0.140242 -3.792500
0.018980 0.999747 -0.012110 -2.733120
0.139999 -0.014650 -0.990043 -4.182743
192 1324
-0.993257 0.013805 -0.115109 -3.795855
0.014962 0.999846 -0.009193 -2.714933
0.114965 -0.010853 -0.993310 -4.318591
193 1331
-0.996171 0.016357 -0.085885 -3.800058
0.016478 0.999864 -0.000707 -2.722600
0.085862 -0.002119 -0.996305 -4.469479
194 1338
-0.996475 0.014929 -0.082552 -3.793580
0.012720 0.999549 0.027211 -2.699846
0.082921 0.026065 -0.996215 -4.629327
195 1345
-0.992893 0.024105 -0.116545 -3.784712
0.024313 0.999704 -0.000371 -2.704797
0.116502 -0.003202 -0.993185 -4.769158
196 1354
-0.992832 0.022938 -0.117299 -3.783302
0.022022 0.999716 0.009100 -2.686160
0.117474 0.006451 -0.993055 -4.973627
197 1361
-0.995294 0.020654 -0.094670 -3.786504
0.018450 0.999540 0.024090 -2.696983
0.095124 0.022230 -0.995217 -5.135149
198 1369
-0.995993 0.010824 -0.088773 -3.774333
0.009526 0.999842 0.015031 -2.671212
0.088922 0.014125 -0.995938 -5.307901
199 1376
-0.990958 0.029871 -0.130808 -3.775138
0.029664 0.999554 0.003530 -2.682676
0.130855 -0.000383 -0.991401 -5.459498
200 1383
-0.993459 0.025890 -0.111219 -3.775293
0.022399 0.999220 0.032520 -2.664086
0.111975 0.029816 -0.993264 -5.624699
201 1390
-0.993904 0.011932 -0.109598 -3.777406
0.010664 0.999869 0.012145 -2.668792
0.109729 0.010902 -0.993902 -5.768965
202 1398
-0.994095 -0.013479 -0.107673 -3.766371
-0.015403 0.999736 0.017057 -2.652862
0.107415 0.018614 -0.994040 -5.938582
203 1405
-0.991375 0.007620 -0.130834 -3.771896
0.007653 0.999971 0.000252 -2.653875
0.130832 -0.000751 -0.991404 -6.077820
204 1412
-0.991953 0.037602 -0.120897 -3.789663
0.036132 0.999244 0.014332 -2.647638
0.121344 0.009848 -0.992562 -6.222628
205 1418
-0.995646 0.035538 -0.086174 -3.798909
0.034165 0.999266 0.017350 -2.642225
0.086727 0.014331 -0.996129 -6.344128
206 1426
-0.997050 0.024263 -0.072816 -3.795703
0.022839 0.999532 0.020333 -2.640830
0.073275 0.018610 -0.997138 -6.493260
207 1433
-0.996090 0.032461 -0.082166 -3.789478
0.033628 0.999352 -0.012856 -2.626450
0.081696 -0.015569 -0.996536 -6.610929
208 1442
-0.998520 0.032520 -0.043592 -3.789090
0.032099 0.999431 0.010325 -2.631355
0.043903 0.008910 -0.998996 -6.773486
209 1448
-0.997359 0.023232 0.068812 -3.782789
0.023993 0.999660 0.010250 -2.625985
-0.068550 0.011874 -0.997577 -6.872631
210 1452
-0.979386 0.017098 0.201275 -3.766105
0.022713 0.999414 0.025621 -2.628256
-0.200719 0.029664 -0.979200 -6.936747
211 1457
-0.913056 0.018010 0.407437 -3.729038
0.035982 0.998686 0.036491 -2.625406
-0.406244 0.047979 -0.912504 -7.001671
212 1463
-0.765671 0.013726 0.643085 -3.654859
0.043620 0.998579 0.030622 -2.612307
-0.641751 0.051498 -0.765182 -7.054665
213 1468
-0.603357 0.002727 0.797467 -3.583234
0.047039 0.998375 0.032176 -2.616520
-0.796083 0.056926 -0.602504 -7.088014
214 1473
-0.436908 -0.016339 0.899358 -3.505927
0.038162 0.998598 0.036680 -2.618028
-0.898696 0.050347 -0.435672 -7.109014
215 1478
-0.330278 -0.014601 0.943771 -3.434135
0.025954 0.999362 0.024544 -2.612481
-0.943527 0.032601 -0.329688 -7.125973
216 1484
-0.233526 -0.008140 0.972317 -3.339570
0.014103 0.999831 0.011758 -2.621004
-0.972248 0.016458 -0.233372 -7.144427
218 1496
-0.169849 0.010543 0.985414 -3.121879
0.001364 0.999944 -0.010463 -2.613625
-0.985469 -0.000433 -0.169854 -7.145383
219 1502
-0.164731 0.002270 0.986336 -3.001258
0.012766 0.999918 -0.000169 -2.628309
-0.986256 0.012564 -0.164746 -7.151256
221 1514
-0.101680 0.002344 0.994814 -2.751157
0.021529 0.999768 -0.000155 -2.629195
-0.994584 0.021402 -0.101707 -7.163417
222 1520
-0.090774 -0.013025 0.995786 -2.624610
0.018610 0.999718 0.014773 -2.628839
-0.995698 0.019873 -0.090506 -7.159114
223 1527
-0.108976 0.005900 0.994027 -2.475771
0.027157 0.999627 -0.002956 -2.623452
-0.993673 0.026673 -0.109095 -7.149089
224 1533
-0.136149 0.000403 0.990688 -2.349064
0.030853 0.999517 0.003833 -2.638303
-0.990208 0.031088 -0.136096 -7.147471
225 1539
-0.142895 0.003830 0.989730 -2.215596
0.030582 0.999532 0.000547 -2.625486
-0.989265 0.030346 -0.142946 -7.150722
226 1545
-0.122486 -0.003843 0.992463 -2.082536
0.028317 0.999572 0.007365 -2.641661
-0.992066 0.029006 -0.122325 -7.155595
227 1552
-0.119140 0.015267 0.992760 -1.935931
0.030359 0.999470 -0.011727 -2.632027
-0.992413 0.028742 -0.119540 -7.148948
228 1559
-0.148216 0.033500 0.988387 -1.786988
0.046754 0.998546 -0.026833 -2.644339
-0.987849 0.042234 -0.149566 -7.149343
229 1566
-0.137897 0.003021 0.990442 -1.613921
0.046514 0.998912 0.003429 -2.640499
-0.989354 0.046542 -0.137887 -7.153049
230 1573
-0.104830 -0.003890 0.994483 -1.455956
0.034707 0.999369 0.007567 -2.651118
-0.993884 0.035308 -0.104628 -7.154919
231 1580
-0.097384 -0.005123 0.995234 -1.302180
0.015342 0.999860 0.006648 -2.647969
-0.995129 0.015917 -0.097292 -7.142947
232 1588
-0.113135 0.013350 0.993490 -1.127587
0.030151 0.999495 -0.009997 -2.655691
-0.993122 0.028823 -0.113481 -7.137557
233 1596
-0.120820 0.013469 0.992583 -0.952493
0.025215 0.999627 -0.010496 -2.654783
-0.992354 0.023760 -0.121114 -7.134307
234 1603
-0.096219 0.012644 0.995280 -0.805152
0.024579 0.999645 -0.010324 -2.664990
-0.995057 0.023470 -0.096496 -7.135346
235 1610
-0.108231 0.000547 0.994126 -0.656978
0.021806 0.999761 0.001824 -2.659593
-0.993887 0.021875 -0.108217 -7.128460
236 1618
-0.114922 0.034516 0.992775 -0.507005
0.049540 0.998352 -0.028976 -2.668680
-0.992138 0.045852 -0.116443 -7.126128

0
0.000000 0.000000 0.000000 -nan
0.000000 0.000000 0.000000 -nan
-nan 0.000000 0.000000 -nan
1
0.000000 0.000000 0.000000 -nan
0.000000 0.000000 0.000000 -nan
-nan 0.000000 0.000000 -nan
2
0.999975 0.005239 -0.004712 -0.005210
-0.005242 0.999986 -0.000502 -0.003083
0.004710 0.000527 0.999989 0.048362
3
0.999967 0.007638 -0.002941 -0.008687
-0.007644 0.999969 -0.002039 -0.001865
0.002925 0.002061 0.999994 0.072891
4
0.999954 0.009338 -0.002407 -0.011338
-0.009349 0.999946 -0.004585 0.001645
0.002364 0.004608 0.999987 0.096673
5
0.999933 0.011353 -0.002213 -0.014927
-0.011374 0.999891 -0.009375 0.006310
0.002106 0.009399 0.999954 0.119184
6
0.999903 0.011926 -0.007234 -0.017746
-0.012043 0.999794 -0.016346 0.011174
0.007037 0.016432 0.999840 0.142650
7
0.999879 0.011476 -0.010521 -0.020965
-0.011729 0.999638 -0.024224 0.015253
0.010240 0.024345 0.999651 0.165564
8
0.999947 0.009062 -0.004860 -0.023779
-0.009219 0.999396 -0.033498 0.018626
0.004554 0.033541 0.999427 0.187280
9
0.999969 0.007861 -0.000608 -0.025338
-0.007881 0.998791 -0.048523 0.018790
0.000226 0.048526 0.998822 0.207582
10
0.999986 0.005349 0.000302 -0.027536
-0.005322 0.998291 -0.058199 0.016121
-0.000612 0.058197 0.998305 0.228085
11
0.999987 0.004974 0.001288 -0.030018
-0.004878 0.997780 -0.066422 0.011073
-0.001616 0.066415 0.997791 0.245540
12
0.999965 0.004041 0.007352 -0.031745
-0.003517 0.997548 -0.069903 0.005695
-0.007617 0.069874 0.997527 0.266586
13
0.999931 0.004117 0.010975 -0.034113
-0.003334 0.997509 -0.070457 -0.001754
-0.011238 0.070416 0.997454 0.288435
14
0.999877 0.004649 0.015010 -0.035586
-0.003597 0.997584 -0.069375 -0.009270
-0.015296 0.069312 0.997478 0.301816
15
0.999817 0.005399 0.018345 -0.037310
-0.004152 0.997719 -0.067375 -0.015961
-0.018666 0.067286 0.997559 0.324042
16
0.999806 0.005524 0.018926 -0.039103
-0.004297 0.997922 -0.064283 -0.022061
-0.019241 0.064189 0.997752 0.346693
17
0.999781 0.004794 0.020393 -0.039755
-0.003551 0.998159 -0.060542 -0.026388
-0.020646 0.060456 0.997957 0.361928
18
0.999771 0.002855 0.021228 -0.040525
-0.001633 0.998350 -0.057394 -0.029709
-0.021356 0.057346 0.998126 0.384114
19
0.999807 0.000390 0.019625 -0.040932
0.000667 0.998549 -0.053847 -0.031532
-0.019618 0.053850 0.998356 0.407072
20
0.999845 -0.002109 0.017472 -0.039850
0.002998 0.998695 -0.050979 -0.032049
-0.017342 0.051024 0.998547 0.428784
21
0.999920 -0.003771 0.012088 -0.040024
0.004344 0.998852 -0.047714 -0.032679
-0.011894 0.047763 0.998788 0.451636
22
0.999947 -0.004685 0.009218 -0.039765
0.005098 0.998962 -0.045268 -0.032054
-0.008997 0.045312 0.998932 0.473316
23
0.999936 -0.005954 0.009584 -0.039587
0.006369 0.999016 -0.043888 -0.033068
-0.009313 0.043946 0.998990 0.497273
24
0.999961 -0.007479 0.004637 -0.038516
0.007668 0.999076 -0.042278 -0.035080
-0.004317 0.042311 0.999095 0.520635
25
0.999956 -0.009363 -0.000845 -0.037135
0.009321 0.999106 -0.041234 -0.038646
0.001231 0.041225 0.999149 0.542254
26
0.999922 -0.011583 -0.004614 -0.035166
0.011381 0.999066 -0.041695 -0.043542
0.005092 0.041639 0.999120 0.562845
27
0.999823 -0.011902 -0.014580 -0.034540
0.011302 0.999112 -0.040597 -0.050655
0.015051 0.040425 0.999069 0.583061
28
0.999682 -0.011862 -0.022258 -0.033854
0.011016 0.999226 -0.037764 -0.059480
0.022688 0.037507 0.999039 0.601676
29
0.999520 -0.011868 -0.028602 -0.034342
0.010900 0.999371 -0.033756 -0.067375
0.028984 0.033428 0.999021 0.620075
30
0.999354 -0.012988 -0.033507 -0.033992
0.011989 0.999483 -0.029838 -0.076207
0.033878 0.029417 0.998993 0.634021
31
0.999286 -0.013620 -0.035254 -0.034216
0.012792 0.999640 -0.023606 -0.086166
0.035563 0.023138 0.999100 0.650534
32
0.999240 -0.014180 -0.036322 -0.035032
0.013554 0.999756 -0.017436 -0.094352
0.036561 0.016930 0.999188 0.667475
33
0.999276 -0.014295 -0.035258 -0.036316
0.013919 0.999844 -0.010874 -0.101032
0.035408 0.010376 0.999319 0.680641
34
0.999269 -0.014253 -0.035465 -0.036889
0.014095 0.999890 -0.004678 -0.107425
0.035527 0.004174 0.999360 0.696685
35
0.999274 -0.014196 -0.035361 -0.038806
0.014258 0.999897 0.001504 -0.111835
0.035336 -0.002007 0.999373 0.713584
36
0.999316 -0.013720 -0.034335 -0.039607
0.013958 0.999880 0.006725 -0.116111
0.034239 -0.007200 0.999388 0.729408
37
0.999414 -0.013302 -0.031552 -0.041767
0.013658 0.999845 0.011105 -0.120454
0.031399 -0.011530 0.999440 0.745093
38
0.999538 -0.012232 -0.027819 -0.043652
0.012656 0.999805 0.015128 -0.123694
0.027628 -0.015473 0.999499 0.762491
39
0.999585 -0.011417 -0.026433 -0.045755
0.011908 0.999758 0.018506 -0.127202
0.026215 -0.018813 0.999479 0.777036
40
0.999675 -0.011320 -0.022833 -0.047644
0.011808 0.999702 0.021356 -0.131189
0.022584 -0.021618 0.999511 0.790460
41
0.999845 -0.011107 -0.013643 -0.050210
0.011400 0.999701 0.021646 -0.137418
0.013399 -0.021798 0.999673 0.802113
42
0.999933 -0.011330 -0.002536 -0.052783
0.011381 0.999713 0.021073 -0.143578
0.002296 -0.021100 0.999775 0.813731
43
0.999940 -0.010561 0.002950 -0.055743
0.010496 0.999725 0.020983 -0.151402
-0.003171 -0.020951 0.999775 0.826567
44
0.999906 -0.009073 0.010271 -0.057219
0.008845 0.999717 0.022066 -0.158899
-0.010468 -0.021973 0.999704 0.838016
45
0.999830 -0.007527 0.016815 -0.059217
0.007119 0.999682 0.024175 -0.166899
-0.016992 -0.024052 0.999566 0.848852
46
0.999679 -0.005620 0.024719 -0.061354
0.004987 0.999661 0.025573 -0.173823
-0.024854 -0.025442 0.999367 0.859667
47
0.999514 -0.003058 0.031037 -0.063675
0.002209 0.999624 0.027341 -0.180415
-0.031109 -0.027259 0.999144 0.869847
48
0.999277 -0.000161 0.038025 -0.065816
-0.000906 0.999606 0.028044 -0.185759
-0.038015 -0.028058 0.998883 0.881011
49
0.999015 0.002139 0.044331 -0.067692
-0.003392 0.999596 0.028206 -0.190518
-0.044252 -0.028329 0.998619 0.891810
50
0.998788 0.005261 0.048933 -0.069392
-0.006654 0.999576 0.028357 -0.194451
-0.048763 -0.028648 0.998399 0.902770
51
0.998561 0.007943 0.053040 -0.070864
-0.009428 0.999569 0.027819 -0.198253
-0.052796 -0.028279 0.998205 0.913675
52
0.998344 0.010429 0.056574 -0.072327
-0.011913 0.999592 0.025955 -0.201909
-0.056281 -0.026586 0.998061 0.925148
53
0.998367 0.012736 0.055682 -0.073390
-0.014059 0.999627 0.023421 -0.204882
-0.055363 -0.024166 0.998174 0.936958
54
0.998634 0.015373 0.049945 -0.074815
-0.016376 0.999671 0.019733 -0.208867
-0.049625 -0.020524 0.998557 0.947885
55
0.998946 0.018499 0.042020 -0.075059
-0.019186 0.999688 0.016004 -0.214180
-0.041711 -0.016793 0.998989 0.958987
56
0.999329 0.020815 0.030134 -0.076759
-0.021212 0.999692 0.012899 -0.218884
-0.029857 -0.013530 0.999463 0.968227
57
0.999431 0.023337 0.024362 -0.077172
-0.023556 0.999684 0.008725 -0.225950
-0.024150 -0.009293 0.999665 0.976124
58
0.999543 0.025005 0.016971 -0.077595
-0.025118 0.999663 0.006486 -0.233180
-0.016803 -0.006909 0.999835 0.985367
59
0.999602 0.025838 0.011351 -0.078762
-0.025901 0.999650 0.005449 -0.241489
-0.011206 -0.005741 0.999921 0.993425
60
0.999618 0.026884 0.006479 -0.079527
-0.026917 0.999625 0.004968 -0.251393
-0.006343 -0.005140 0.999967 1.004466
61
0.999621 0.027166 0.004514 -0.079994
-0.027190 0.999617 0.005238 -0.260854
-0.004370 -0.005359 0.999976 1.013725
62
0.999622 0.027325 0.002979 -0.080760
-0.027341 0.999612 0.005307 -0.268623
-0.002833 -0.005386 0.999981 1.022330
63
0.999615 0.027508 0.003715 -0.081903
-0.027527 0.999607 0.005261 -0.276037
-0.003569 -0.005361 0.999979 1.031291
64
0.999606 0.027686 0.004596 -0.082904
-0.027711 0.999602 0.005355 -0.282036
-0.004446 -0.005481 0.999975 1.040998
65
0.999570 0.028762 0.005775 -0.084046
-0.028789 0.999575 0.004665 -0.287293
-0.005638 -0.004829 0.999972 1.051452
66
0.999554 0.029398 0.005196 -0.084511
-0.029419 0.999559 0.004078 -0.290767
-0.005074 -0.004229 0.999978 1.057399
67
0.999537 0.029859 0.005922 -0.085999
-0.029875 0.999550 0.002598 -0.293932
-0.005841 -0.002773 0.999979 1.067697
68
0.999508 0.030554 0.007073 -0.087029
-0.030561 0.999533 0.000861 -0.296536
-0.007044 -0.001077 0.999975 1.078349
69
0.999518 0.030105 0.007634 -0.088508
-0.030098 0.999546 -0.000984 -0.300037
-0.007660 0.000754 0.999970 1.088025
70
0.999510 0.029771 0.009641 -0.090072
-0.029744 0.999553 -0.002901 -0.303744
-0.009723 0.002613 0.999949 1.098403
71
0.999480 0.028735 0.014633 -0.090918
-0.028663 0.999576 -0.005094 -0.308116
-0.014773 0.004672 0.999880 1.105953
72
0.999407 0.026870 0.021510 -0.091412
-0.026729 0.999619 -0.006835 -0.314991
-0.021685 0.006256 0.999745 1.116803
73
0.999361 0.025339 0.025214 -0.091526
-0.025200 0.999666 -0.005817 -0.323016
-0.025353 0.005177 0.999665 1.127219
74
0.999248 0.023815 0.030592 -0.092168
-0.023708 0.999711 -0.003867 -0.330513
-0.030675 0.003139 0.999524 1.136673
75
0.999239 0.021596 0.032466 -0.091875
-0.021559 0.999766 -0.001486 -0.337551
-0.032491 0.000785 0.999472 1.148286
76
0.999226 0.019426 0.034214 -0.091181
-0.019478 0.999810 0.001190 -0.344780
-0.034184 -0.001855 0.999414 1.158080
77
0.999140 0.017730 0.037481 -0.090977
-0.017851 0.999836 0.002906 -0.350428
-0.037423 -0.003573 0.999293 1.169080
78
0.999084 0.015488 0.039898 -0.090035
-0.015711 0.999863 0.005276 -0.356177
-0.039811 -0.005898 0.999190 1.179916
79
0.998992 0.012611 0.043077 -0.088911
-0.013007 0.999876 0.008909 -0.361072
-0.042959 -0.009460 0.999032 1.191124
80
0.998819 0.009647 0.047624 -0.088123
-0.010201 0.999883 0.011397 -0.364740
-0.047508 -0.011869 0.998800 1.201833
81
0.998540 0.007655 0.053477 -0.087930
-0.008391 0.999873 0.013564 -0.368606
-0.053366 -0.013992 0.998477 1.212770
82
0.998271 0.005940 0.058473 -0.087035
-0.006847 0.999859 0.015340 -0.371776
-0.058373 -0.015714 0.998171 1.224718
83
0.998103 0.004908 0.061371 -0.086589
-0.005949 0.999841 0.016800 -0.374419
-0.061278 -0.017134 0.997974 1.237032
84
0.998188 0.005018 0.059963 -0.085767
-0.006114 0.999817 0.018103 -0.378664
-0.059861 -0.018437 0.998036 1.249693
85
0.998461 0.006131 0.055115 -0.084681
-0.007282 0.999759 0.020709 -0.383573
-0.054975 -0.021078 0.998265 1.262202
86
0.998961 0.007038 0.045036 -0.083404
-0.008064 0.999711 0.022640 -0.387652
-0.044864 -0.022980 0.998729 1.273092
87
0.999158 0.006020 0.040594 -0.083146
-0.006951 0.999715 0.022843 -0.394053
-0.040445 -0.023106 0.998915 1.283062
88
0.999207 0.003250 0.039686 -0.082925
-0.004172 0.999723 0.023169 -0.401091
-0.039600 -0.023316 0.998944 1.293921
89
0.999347 0.000020 0.036121 -0.082014
-0.000881 0.999716 0.023801 -0.409821
-0.036111 -0.023817 0.999064 1.303092
90
0.999485 -0.002634 0.031983 -0.082428
0.001841 0.999690 0.024821 -0.418796
-0.032039 -0.024750 0.999180 1.319719
91
0.999584 -0.004750 0.028434 -0.082957
0.003982 0.999628 0.026985 -0.426170
-0.028552 -0.026861 0.999231 1.330274
92
0.999703 -0.006666 0.023445 -0.083081
0.005978 0.999553 0.029279 -0.433857
-0.023630 -0.029131 0.999296 1.341418
93
0.999795 -0.007969 0.018617 -0.084075
0.007414 0.999532 0.029687 -0.438959
-0.018844 -0.029542 0.999386 1.351130
94
0.999862 -0.009099 0.013913 -0.084646
0.008674 0.999504 0.030259 -0.444416
-0.014182 -0.030134 0.999445 1.362715
95
0.999933 -0.008925 0.007324 -0.086493
0.008703 0.999517 0.029828 -0.446986
-0.007587 -0.029762 0.999528 1.374436
96
0.999968 -0.007561 0.002661 -0.089020
0.007481 0.999553 0.028939 -0.449741
-0.002879 -0.028918 0.999578 1.385227
97
0.999978 -0.006588 -0.000290 -0.090669
0.006594 0.999616 0.026902 -0.452220
0.000113 -0.026904 0.999638 1.395530
98
0.999980 -0.006306 -0.001023 -0.093539
0.006329 0.999678 0.024585 -0.455238
0.000868 -0.024591 0.999697 1.405786
99
0.999986 -0.005293 0.000476 -0.096628
0.005282 0.999746 0.021915 -0.459545
-0.000592 -0.021912 0.999760 1.416563
100
0.999990 -0.003189 0.002977 -0.101010
0.003132 0.999813 0.019094 -0.465522
-0.003037 -0.019085 0.999813 1.426359
101
0.999964 -0.001208 0.008443 -0.104331
0.001069 0.999863 0.016533 -0.471172
-0.008462 -0.016524 0.999828 1.436131
102
0.999896 0.000467 0.014408 -0.107805
-0.000671 0.999900 0.014133 -0.479951
-0.014400 -0.014141 0.999796 1.447761
103
0.999811 0.003692 0.019063 -0.110535
-0.003942 0.999906 0.013115 -0.488674
-0.019013 -0.013188 0.999732 1.458455
104
0.999734 0.006291 0.022211 -0.113845
-0.006558 0.999906 0.012005 -0.497525
-0.022133 -0.012148 0.999681 1.469667
105
0.999641 0.009077 0.025220 -0.116708
-0.009382 0.999884 0.012026 -0.503360
-0.025108 -0.012258 0.999610 1.478751
106
0.999589 0.010870 0.026535 -0.117989
-0.011171 0.999875 0.011190 -0.509810
-0.026410 -0.011481 0.999585 1.488927
107
0.999471 0.012409 0.030075 -0.120584
-0.012743 0.999859 0.010940 -0.515726
-0.029935 -0.011318 0.999488 1.499509
108
0.999190 0.014227 0.037651 -0.121150
-0.014635 0.999837 0.010577 -0.519924
-0.037495 -0.011120 0.999235 1.511093
109
0.998962 0.015770 0.042739 -0.121659
-0.016183 0.999825 0.009353 -0.523732
-0.042584 -0.010035 0.999042 1.522517
110
0.998768 0.016313 0.046868 -0.122148
-0.016667 0.999835 0.007178 -0.528069
-0.046744 -0.007951 0.998875 1.533095
111
0.998377 0.018024 0.054032 -0.123868
-0.018331 0.999819 0.005182 -0.529962
-0.053929 -0.006164 0.998526 1.545376
112
0.998111 0.019196 0.058357 -0.124939
-0.019318 0.999812 0.001528 -0.532454
