94
1620
7640

72 510
-0.801492 0.122943 0.585231 4.172379
0.094059 0.992375 -0.079657 -0.033880
-0.590562 -0.008798 -0.806944 -0.343132
8 19
0.998840 -0.009533 -0.047189 0.038748
0.006905 0.998432 -0.055543 -0.004145
0.047644 0.055152 0.997341 0.210854
64 429
-0.100166 0.087904 0.991080 4.201423
0.050075 0.995273 -0.083215 -0.040658
-0.993710 0.041293 -0.104094 0.430626
0 0
1.000000 0.000000 0.000000 -0.000000
0.000000 1.000000 0.000000 -0.000000
0.000000 0.000000 1.000000 -0.000000
73 520
-0.963991 0.084652 0.252101 4.111532
0.068759 0.995088 -0.071213 -0.029334
-0.256891 -0.051315 -0.965077 -0.424179
9 22
0.998129 -0.003155 -0.061054 0.056719
-0.000653 0.998060 -0.062260 -0.009726
0.061132 0.062184 0.996191 0.250440
65 439
0.010066 0.047796 0.998806 4.286978
0.053424 0.997405 -0.048268 -0.025618
-0.998521 0.053846 0.007486 0.358565
1 2
0.999907 -0.007819 0.011182 -0.002905
0.007901 0.999942 -0.007361 -0.002508
-0.011124 0.007448 0.999910 0.017027
74 532
-0.987114 0.064185 -0.146580 3.971722
0.071562 0.996393 -0.045614 -0.011257
0.143124 -0.055516 -0.988147 -0.434334
10 25
0.997370 0.006152 -0.072219 0.069028
-0.011310 0.997396 -0.071233 -0.015211
0.071593 0.071863 0.994842 0.286823
2 3
0.999849 -0.013730 0.010635 -0.002753
0.013890 0.999789 -0.015158 -0.002996
-0.010424 0.015303 0.999829 0.025857
13 41
0.994961 0.002644 -0.100224 0.121494
-0.009552 0.997604 -0.068514 -0.022952
0.099803 0.069126 0.992603 0.485633
14 45
0.994704 0.000093 -0.102785 0.120955
-0.008085 0.996972 -0.077345 -0.021725
0.102466 0.077767 0.991692 0.535899
79 589
-0.525686 0.037413 -0.849856 3.125768
0.035811 0.999120 0.021833 0.002200
0.849925 -0.018957 -0.526563 -0.374533
15 49
0.994912 -0.004665 -0.100643 0.122303
-0.004094 0.996230 -0.086651 -0.025018
0.100668 0.086622 0.991142 0.587253
82 625
-0.414111 0.019759 -0.910012 2.406487
0.018527 0.999740 0.013277 0.000961
0.910038 -0.011361 -0.414370 -0.308994
18 63
0.995711 -0.019275 -0.090492 0.153585
0.010425 0.995203 -0.097276 -0.028904
0.091932 0.095915 0.991135 0.778285
83 636
-0.397375 0.012139 -0.917576 2.191976
0.014514 0.999871 0.006942 0.005628
0.917542 -0.010559 -0.397500 -0.299203
19 67
0.996530 -0.013634 -0.082116 0.166701
0.004665 0.994092 -0.108437 -0.029483
0.083109 0.107678 0.990706 0.833467
84 650
-0.377903 -0.008980 -0.925801 1.940581
-0.000531 0.999955 -0.009483 -0.006698
0.925845 -0.003092 -0.377891 -0.254986
20 73
0.997556 -0.001315 -0.069859 0.190170
-0.007140 0.992670 -0.120648 -0.038762
0.069506 0.120852 0.990234 0.910761
86 687
0.032508 -0.032104 -0.998956 1.409927
0.036336 0.998861 -0.030919 -0.011861
0.998811 -0.035293 0.033637 -0.061373
22 81
0.999412 -0.001536 -0.034250 0.215958
-0.002000 0.994684 -0.102959 -0.045805
0.034226 0.102967 0.994096 1.036221
87 718
0.721066 -0.066194 -0.689697 1.215633
0.035387 0.997645 -0.058753 -0.036914
0.691962 0.017959 0.721710 0.375490
23 85
0.999990 0.003340 -0.002900 0.217064
-0.003629 0.994340 -0.106183 -0.045889
0.002529 0.106193 0.994342 1.096324
89 768
0.887302 -0.023048 -0.460612 1.257608
-0.011428 0.997345 -0.071919 -0.077670
0.461046 0.069078 0.884683 1.282063
25 93
0.995269 -0.011673 0.096454 0.226586
0.021938 0.994117 -0.106062 -0.053960
-0.094648 0.107676 0.989670 1.222759
90 787
0.834652 -0.022095 -0.550334 1.237395
-0.023169 0.996902 -0.075163 -0.094720
0.550290 0.075485 0.831555 1.630040
26 97
0.985568 -0.013784 0.168718 0.236733
0.031348 0.994302 -0.101891 -0.058812
-0.166352 0.105709 0.980384 1.279658
29 112
0.868883 -0.013882 0.494824 0.343913
0.067011 0.993704 -0.089790 -0.056100
-0.490462 0.111175 0.864342 1.416731
95 849
-0.027819 0.005205 -0.999599 0.786667
-0.025754 0.999651 0.005922 -0.085118
0.999281 0.025908 -0.027675 2.425466
31 122
0.750684 -0.002154 0.660658 0.447203
0.083143 0.992352 -0.091237 -0.072932
-0.655409 0.123420 0.745122 1.482115
32 127
0.683879 0.008744 0.729543 0.500336
0.085840 0.992019 -0.092357 -0.071015
-0.724528 0.125785 0.677671 1.514893
34 141
0.489322 0.025838 0.871720 0.643776
0.088165 0.992974 -0.078922 -0.079265
-0.867635 0.115474 0.483606 1.575571
38 167
0.136990 0.064276 0.988485 0.950331
0.051600 0.996075 -0.071921 -0.091109
-0.989228 0.060859 0.133136 1.575148
45 229
-0.096137 0.059862 0.993566 1.608395
0.083558 0.995152 -0.051872 -0.109948
-0.991855 0.078033 -0.100673 1.450866
49 285
0.052159 0.087703 0.994780 2.521105
0.081278 0.992459 -0.091760 -0.120692
-0.995326 0.085640 0.044638 1.423686
50 291
0.054639 0.093952 0.994076 2.631551
0.071436 0.992645 -0.097743 -0.136516
-0.995948 0.076353 0.047525 1.407828
52 311
0.022363 0.105494 0.994168 3.023989
0.078859 0.991133 -0.106946 -0.147440
-0.996635 0.080791 0.013845 1.405421
53 320
-0.014354 0.102059 0.994675 3.178585
0.083350 0.991437 -0.100524 -0.145134
-0.996417 0.081464 -0.022737 1.376871
54 327
-0.033529 0.105299 0.993875 3.295639
0.090648 0.990656 -0.101899 -0.153179
-0.995318 0.086676 -0.042761 1.340188
60 393
-0.450751 0.078318 0.889207 4.087590
0.083815 0.995456 -0.045189 -0.141351
-0.888706 0.054160 -0.455267 0.800756
62 411
-0.358441 0.105745 0.927544 4.067288
0.050135 0.994311 -0.093982 -0.075713
-0.932205 0.012816 -0.361704 0.573809
67 460
0.083729 0.031172 0.996001 4.333585
0.085039 0.995641 -0.038309 -0.002910
-0.992853 0.087906 0.080713 0.110460
68 474
-0.053894 0.067319 0.996275 4.352492
0.109581 0.992098 -0.061109 -0.014172
-0.992516 0.105879 -0.060845 -0.012800
69 483
-0.220591 0.086850 0.971492 4.346254
0.114162 0.991481 -0.062715 -0.027208
-0.968662 0.097073 -0.228627 -0.102923
70 492
-0.403897 0.101778 0.909125 4.285510
0.104952 0.992385 -0.064472 -0.027441
-0.908764 0.069375 -0.411504 -0.187701
71 501
-0.605465 0.115524 0.787443 4.218913
0.098850 0.992664 -0.069626 -0.027081
-0.789710 0.035683 -0.612442 -0.261946
75 541
-0.921089 0.051051 -0.385992 3.841887
0.064262 0.997704 -0.021394 -0.005203
0.384013 -0.044510 -0.922254 -0.426316
80 602
-0.510449 0.023898 -0.859576 2.873051
0.025444 0.999596 0.012682 -0.005041
0.859531 -0.015397 -0.510851 -0.371963
81 614
-0.449568 0.020839 -0.893003 2.629927
0.029189 0.999537 0.008630 -0.001484
0.892769 -0.022186 -0.449968 -0.336129
85 667
-0.300565 -0.004607 -0.953750 1.659406
0.007531 0.999946 -0.007203 -0.017663
0.953732 -0.009347 -0.300514 -0.197216
88 742
0.890881 -0.050784 -0.451388 1.217395
0.025536 0.997758 -0.061856 -0.053031
0.453517 0.043580 0.890181 0.806672
91 802
0.721101 -0.017263 -0.692615 1.198316
-0.029667 0.998003 -0.055762 -0.092387
0.692195 0.060758 0.719149 1.904684
97 892
0.090116 -0.001614 -0.995930 0.818842
0.011050 0.999939 -0.000620 -0.095467
0.995870 -0.010949 0.090128 2.695291
98 904
0.078871 0.016870 -0.996742 0.833991
0.014880 0.999725 0.018098 -0.101972
0.996774 -0.016259 0.078599 2.828532
99 918
0.077242 0.010314 -0.996959 0.858371
0.003688 0.999937 0.010631 -0.108862
0.997006 -0.004498 0.077199 2.997970
100 930
0.092156 -0.004274 -0.995735 0.891703
-0.001073 0.999990 -0.004391 -0.102979
0.995744 0.001473 0.092151 3.155127
101 942
0.084379 -0.001932 -0.996432 0.951980
-0.014057 0.999896 -0.003129 -0.114904
0.996335 0.014271 0.084343 3.333336
102 956
0.103021 -0.001496 -0.994678 0.984894
-0.022221 0.999746 -0.003805 -0.112354
0.994431 0.022495 0.102962 3.516144
104 979
0.208312 -0.009297 -0.978018 1.022070
-0.036464 0.999186 -0.017265 -0.148362
0.977382 0.039259 0.207804 3.834533
105 991
0.373711 -0.020605 -0.927316 1.046719
-0.043090 0.998288 -0.039547 -0.159170
0.926544 0.054737 0.372183 3.981065
106 1002
0.615750 -0.026352 -0.787501 1.051145
-0.037746 0.997307 -0.062886 -0.165176
0.787037 0.068448 0.613097 4.094980
108 1026
0.997305 -0.037323 -0.063163 1.172134
0.030193 0.993441 -0.110286 -0.190542
0.066865 0.108082 0.991891 4.245477
109 1036
0.955901 -0.011702 0.293457 1.308126
0.041556 0.994542 -0.095704 -0.202722
-0.290735 0.103679 0.951170 4.256045
110 1047
0.801322 0.010283 0.598144 1.456735
0.064576 0.992523 -0.103574 -0.201723
-0.594737 0.121622 0.794667 4.250129
111 1058
0.638905 0.025615 0.768859 1.625267
0.076154 0.992430 -0.096346 -0.211229
-0.765507 0.120108 0.632118 4.234796
112 1070
0.501276 0.030204 0.864760 1.795431
0.089175 0.992266 -0.086350 -0.208980
-0.860680 0.120400 0.494705 4.153124
113 1083
0.456511 0.030608 0.889191 1.994237
0.068566 0.995226 -0.069460 -0.214523
-0.887072 0.092678 0.452233 4.090322
114 1100
0.437972 0.041490 0.898031 2.265186
0.050687 0.996206 -0.070745 -0.215772
-0.897559 0.076503 0.434207 4.041923
115 1118
0.466871 0.058358 0.882398 2.533451
0.036607 0.995690 -0.085219 -0.225373
-0.883568 0.072088 0.462722 3.922723
116 1131
0.526145 0.076529 0.846944 2.746039
0.034123 0.993240 -0.110946 -0.227464
-0.849710 0.087274 0.519977 3.899119
117 1149
0.541508 0.066756 0.838041 3.010071
0.026871 0.994959 -0.096619 -0.213895
-0.840266 0.074838 0.536985 3.810408
118 1162
0.483235 0.023191 0.875184 3.198595
0.061445 0.996286 -0.060326 -0.184134
-0.873332 0.082927 0.480015 3.728974
119 1186
0.218461 0.039344 0.975052 3.448478
0.089008 0.994219 -0.060060 -0.185806
-0.971778 0.099908 0.213697 3.545819
120 1202
0.160372 0.060081 0.985226 3.626342
0.059347 0.995753 -0.070383 -0.202970
-0.985271 0.069757 0.156125 3.396757
121 1226
0.238080 0.067811 0.968875 3.913587
0.040078 0.996024 -0.079559 -0.228143
-0.970418 0.057772 0.234416 3.234881
122 1246
0.323087 0.060274 0.944448 4.175484
0.060895 0.994578 -0.084305 -0.232629
-0.944408 0.084750 0.317665 3.145412
123 1265
0.332282 0.043952 0.942156 4.435059
0.085952 0.993346 -0.076654 -0.227429
-0.939256 0.106451 0.326293 3.153126
125 1297
-0.062378 0.090111 0.993976 4.781665
0.102746 0.991204 -0.083412 -0.234079
-0.992750 0.096924 -0.071088 3.004841
126 1311
-0.458780 0.122416 0.880077 4.790294
0.127469 0.989287 -0.071158 -0.232711
-0.879359 0.079537 -0.469469 2.904630
127 1326
-0.792147 0.125701 0.597246 4.720146
0.124473 0.991267 -0.043536 -0.225234
-0.597503 0.039854 -0.800876 2.768599
128 1346
-0.984008 0.113055 0.137650 4.529398
0.113524 0.993525 -0.004464 -0.218877
-0.137263 0.011234 -0.990471 2.581480
129 1367
-0.994225 0.082448 -0.068688 4.257042
0.081298 0.996501 0.019388 -0.204520
0.070047 0.013692 -0.997450 2.448605
130 1385
-0.995256 0.043854 0.086842 4.097084
0.045421 0.998837 0.016151 -0.191127
-0.086033 0.020018 -0.996091 2.252891
131 1427
-0.725999 0.064415 0.684672 4.032745
0.076360 0.996998 -0.012830 -0.147905
-0.683443 0.042967 -0.728738 1.641871
132 1458
-0.723553 0.093107 0.683960 4.076247
0.119592 0.992786 -0.008632 -0.137161
-0.679830 0.075550 -0.729468 1.129530
133 1489
-0.884938 0.099324 0.454993 3.996628
0.099616 0.994751 -0.023405 -0.144371
-0.454929 0.024613 -0.890187 0.659728
135 1523
-0.964396 0.062461 0.256979 3.875834
0.059575 0.998043 -0.019007 -0.120674
-0.257664 -0.003021 -0.966230 0.076785
136 1540
-0.993057 0.084429 -0.081910 3.800627
0.086527 0.995998 -0.022399 -0.109220
0.079691 -0.029331 -0.996388 -0.163551
137 1559
-0.858207 0.058657 -0.509941 3.558433
0.078036 0.996811 -0.016669 -0.102546
0.507337 -0.054099 -0.860048 -0.274856
138 1578
-0.628639 0.039886 -0.776673 3.285558
0.053833 0.998520 0.007707 -0.087893
0.775831 -0.036965 -0.629856 -0.333618
139 1597
-0.429975 0.016423 -0.902691 2.982491
0.048405 0.998816 -0.004885 -0.076672
0.901542 -0.045795 -0.430261 -0.291572
140 1619
-0.379802 0.010573 -0.925007 2.613187
0.016356 0.999855 0.004713 -0.070732
0.924923 -0.013340 -0.379920 -0.266260

0
0.000000 0.000000 0.000000 -nan
0.000000 0.000000 0.000000 -nan
-nan 0.000000 0.000000 -nan
1
0.000000 0.000000 0.000000 -nan
0.000000 0.000000 0.000000 -nan
-nan 0.000000 0.000000 -nan
2
0.999902 -0.007896 0.011557 -0.008164
0.007975 0.999945 -0.006785 -0.006886
-0.011503 0.006877 0.999910 0.041713
3
0.999788 -0.015149 0.013958 -0.011339
0.015330 0.999799 -0.012936 -0.009231
-0.013760 0.013147 0.999819 0.060135
4
0.999649 -0.022555 0.013920 -0.014392
0.022802 0.999580 -0.017883 -0.010417
-0.013510 0.018194 0.999743 0.080012
5
0.999670 -0.024524 0.007671 -0.010662
0.024697 0.999424 -0.023275 -0.007899
-0.007096 0.023457 0.999700 0.101324
6
0.999694 -0.023972 0.006096 -0.011447
0.024120 0.999385 -0.025445 -0.009359
-0.005482 0.025585 0.999658 0.123926
7
0.999744 -0.022536 0.002001 -0.007107
0.022584 0.999343 -0.028344 -0.008781
-0.001361 0.028382 0.999596 0.135601
8
0.999761 -0.021865 0.000590 -0.006338
0.021872 0.999318 -0.029739 -0.009572
0.000061 0.029745 0.999558 0.156796
9
0.999730 -0.023178 -0.001533 -0.005018
0.023121 0.999276 -0.030217 -0.010178
0.002233 0.030174 0.999542 0.177126
10
0.999727 -0.022617 -0.005787 -0.000107
0.022416 0.999212 -0.032759 -0.008646
0.006524 0.032620 0.999447 0.183524
11
0.999702 -0.022311 -0.009942 0.003545
0.021945 0.999127 -0.035550 -0.007692
0.010726 0.035321 0.999318 0.202881
12
0.999684 -0.021480 -0.013088 0.007894
0.020956 0.999023 -0.038902 -0.006343
0.013911 0.038616 0.999157 0.223585
13
0.999651 -0.018252 -0.019099 0.013511
0.017445 0.998981 -0.041621 -0.005471
0.019839 0.041273 0.998951 0.229574
14
0.999619 -0.017196 -0.021588 0.019949
0.016236 0.998903 -0.043913 -0.005224
0.022320 0.043545 0.998802 0.249230
15
0.999522 -0.016244 -0.026311 0.028839
0.014989 0.998773 -0.047197 -0.004623
0.027045 0.046780 0.998539 0.269965
16
0.999373 -0.015126 -0.032010 0.034963
0.013568 0.998738 -0.048352 -0.004781
0.032701 0.047887 0.998317 0.273002
17
0.999255 -0.013196 -0.036258 0.042926
0.011354 0.998656 -0.050562 -0.005341
0.036876 0.050113 0.998063 0.293352
18
0.999060 -0.011123 -0.041905 0.051814
0.008893 0.998553 -0.053027 -0.004995
0.042434 0.052605 0.997713 0.313476
19
0.998825 -0.009512 -0.047521 0.058109
0.006884 0.998454 -0.055151 -0.006159
0.047972 0.054759 0.997347 0.315277
20
0.998571 -0.006198 -0.053080 0.067503
0.003142 0.998342 -0.057478 -0.009487
0.053348 0.057229 0.996935 0.333134
21
0.998383 -0.005583 -0.056579 0.076670
0.002119 0.998130 -0.061097 -0.011966
0.056814 0.060879 0.996527 0.353312
22
0.998103 -0.003534 -0.061468 0.081982
-0.000238 0.998123 -0.061238 -0.014041
0.061569 0.061137 0.996229 0.363545
23
0.997899 -0.000099 -0.064790 0.088308
-0.004137 0.997861 -0.065233 -0.016229
0.064658 0.065364 0.995764 0.381991
24
0.997576 0.003628 -0.069493 0.094215
-0.008319 0.997695 -0.067339 -0.019485
0.069088 0.067754 0.995307 0.399709
25
0.997328 0.006119 -0.072801 0.096655
-0.011272 0.997443 -0.070579 -0.021165
0.072183 0.071211 0.994846 0.401085
26
0.997075 0.008204 -0.075988 0.102876
-0.013662 0.997340 -0.071594 -0.023334
0.075199 0.072423 0.994535 0.416243
27
0.996815 0.008651 -0.079280 0.109969
-0.014463 0.997225 -0.073032 -0.025235
0.078428 0.073946 0.994174 0.432295
28
0.996506 0.008558 -0.083087 0.112031
-0.014728 0.997154 -0.073942 -0.026218
0.082218 0.074907 0.993795 0.432946
29
0.996118 0.010069 -0.087450 0.118199
-0.016691 0.997019 -0.075329 -0.027470
0.086431 0.076496 0.993317 0.450466
30
0.995939 0.011038 -0.089349 0.123037
-0.017794 0.997011 -0.075177 -0.028752
0.088252 0.076462 0.993159 0.467036
31
0.995756 0.010813 -0.091397 0.128555
-0.017657 0.997072 -0.074405 -0.030270
0.090324 0.075703 0.993031 0.482726
32
0.995713 0.009496 -0.092011 0.134223
-0.016280 0.997180 -0.073265 -0.031468
0.091055 0.074449 0.993059 0.498685
33
0.995672 0.009202 -0.092475 0.140810
-0.015908 0.997275 -0.072044 -0.032306
0.091560 0.073204 0.993105 0.519274
34
0.995559 0.008137 -0.093784 0.145733
-0.014890 0.997327 -0.071530 -0.033029
0.092951 0.072609 0.993020 0.536665
35
0.995520 0.007793 -0.094228 0.150422
-0.014410 0.997460 -0.069752 -0.033659
0.093445 0.070798 0.993104 0.554332
36
0.995493 0.006507 -0.094610 0.154125
-0.013042 0.997558 -0.068621 -0.033398
0.093933 0.069546 0.993147 0.571605
37
0.995441 0.005207 -0.095241 0.157772
-0.011678 0.997650 -0.067518 -0.033193
0.094665 0.068322 0.993162 0.588795
38
0.995322 0.005108 -0.096480 0.155957
-0.011634 0.997672 -0.067196 -0.032224
0.095912 0.068004 0.993064 0.589650
39
0.995170 0.004867 -0.098044 0.157801
-0.011453 0.997706 -0.066725 -0.031816
0.097495 0.067526 0.992943 0.606016
40
0.995089 0.003946 -0.098907 0.159534
-0.010623 0.997692 -0.067070 -0.031592
0.098414 0.067792 0.992834 0.622923
41
0.994929 0.002807 -0.100545 0.160459
-0.009769 0.997581 -0.068822 -0.030505
0.100109 0.069455 0.992549 0.640616
42
0.994869 0.002043 -0.101156 0.160495
-0.009122 0.997536 -0.069566 -0.028778
0.100764 0.070132 0.992435 0.658205
43
0.994793 0.001937 -0.101894 0.159290
-0.009129 0.997494 -0.070164 -0.027137
0.101503 0.070729 0.992318 0.676248
44
0.994792 0.002735 -0.101893 0.158787
-0.010185 0.997304 -0.072673 -0.028500
0.101419 0.073332 0.992137 0.691766
45
0.994696 0.000083 -0.102854 0.159981
-0.008104 0.996954 -0.077565 -0.028768
0.102534 0.077987 0.991668 0.706677
46
0.994739 -0.003589 -0.102378 0.161135
-0.004588 0.996823 -0.079522 -0.029191
0.102338 0.079573 0.991562 0.722705
47
0.994699 -0.005389 -0.102688 0.161580
-0.002932 0.996733 -0.080712 -0.028694
0.102787 0.080586 0.991434 0.741256
48
0.994805 -0.004714 -0.101687 0.157730
-0.003728 0.996570 -0.082669 -0.029168
0.101727 0.082619 0.991376 0.744915
49
0.994916 -0.004632 -0.100597 0.158373
-0.004094 0.996255 -0.086372 -0.032615
0.100620 0.086345 0.991171 0.759805
50
0.994803 -0.009279 -0.101392 0.160529
0.000162 0.995981 -0.089561 -0.033825
0.101816 0.089079 0.990807 0.774928
51
0.994899 -0.012049 -0.100151 0.162532
0.002912 0.995857 -0.090883 -0.034468
0.100831 0.090127 0.990813 0.790570
52
0.994828 -0.013270 -0.100707 0.164369
0.004023 0.995799 -0.091472 -0.035605
0.101498 0.090594 0.990702 0.807918
53
0.994974 -0.013079 -0.099274 0.161772
0.003912 0.995753 -0.091978 -0.035261
0.100056 0.091127 0.990800 0.805787
54
0.995141 -0.012632 -0.097644 0.163323
0.003652 0.995789 -0.091603 -0.036125
0.098390 0.090801 0.990997 0.823521
55
0.995183 -0.012493 -0.097235 0.165465
0.003405 0.995654 -0.093071 -0.037302
0.097975 0.092292 0.990900 0.840556
56
0.995242 -0.013599 -0.096483 0.168339
0.004528 0.995598 -0.093613 -0.038293
0.097331 0.092731 0.990923 0.857262
57
0.995235 -0.015560 -0.096255 0.170248
0.006450 0.995529 -0.094235 -0.037602
0.097291 0.093165 0.990886 0.867698
58
0.995305 -0.015693 -0.095506 0.173753
0.006648 0.995522 -0.094298 -0.038045
0.096558 0.093220 0.990952 0.885682
59
0.995391 -0.016951 -0.094390 0.177422
0.007969 0.995471 -0.094728 -0.037966
0.095568 0.093539 0.991018 0.903071
60
0.995551 -0.018041 -0.092484 0.181100
0.009225 0.995446 -0.094879 -0.037350
0.093775 0.093604 0.991183 0.920457
61
0.995643 -0.018477 -0.091401 0.184331
0.009617 0.995292 -0.096441 -0.037012
0.092753 0.095142 0.991133 0.937823
62
0.995585 -0.018772 -0.091966 0.190065
0.009863 0.995296 -0.096380 -0.037434
0.093343 0.095047 0.991087 0.961415
63
0.995687 -0.019000 -0.090812 0.193467
0.010146 0.995234 -0.096984 -0.036691
0.092221 0.095644 0.991134 0.979145
64
0.995791 -0.017761 -0.089911 0.197278
0.008833 0.995073 -0.098747 -0.035796
0.091222 0.097537 0.991042 0.996545
65
0.996173 -0.016295 -0.085871 0.201260
0.007522 0.994806 -0.101514 -0.035721
0.087079 0.100480 0.991121 1.014404
66
0.996245 -0.014361 -0.085380 0.204989
0.005333 0.994453 -0.105046 -0.036344
0.086415 0.104196 0.990795 1.032315
67
0.996493 -0.013535 -0.082577 0.202579
0.004606 0.994208 -0.107370 -0.036009
0.083552 0.106613 0.990784 1.012867
68
0.996795 -0.011576 -0.079157 0.207959
0.002902 0.994055 -0.108838 -0.037032
0.079947 0.108259 0.990903 1.029435
69
0.996852 -0.008382 -0.078838 0.212312
-0.000381 0.993878 -0.110483 -0.038191
0.079281 0.110166 0.990746 1.045695
70
0.997233 -0.005391 -0.074142 0.216457
-0.002920 0.993757 -0.111532 -0.040595
0.074280 0.111440 0.990991 1.060695
71
0.997357 -0.003352 -0.072575 0.214066
-0.004940 0.993495 -0.113770 -0.041118
0.072484 0.113828 0.990853 1.046419
72
0.997436 -0.002499 -0.071517 0.218837
-0.005875 0.993157 -0.116638 -0.043107
0.071319 0.116759 0.990596 1.061706
73
0.997558 -0.001590 -0.069824 0.224536
-0.006759 0.992851 -0.119166 -0.045219
0.069514 0.119347 0.990416 1.076978
74
0.997958 -0.002338 -0.063829 0.230502
-0.005305 0.992843 -0.119306 -0.047425
0.063651 0.119401 0.990804 1.093489
75
0.998131 -0.000494 -0.061113 0.234073
-0.006700 0.993054 -0.117466 -0.048658
0.060747 0.117656 0.991195 1.112668
76
0.998238 0.000631 -0.059330 0.237678
-0.007431 0.993399 -0.114470 -0.051287
0.058866 0.114709 0.991653 1.130136
77
0.998518 0.000832 -0.054410 0.240277
-0.006965 0.993614 -0.112620 -0.052748
0.053969 0.112832 0.992147 1.137346
78
0.998705 0.001550 -0.050847 0.243922
-0.007226 0.993721 -0.111650 -0.053477
0.050355 0.111873 0.992446 1.155880
79
0.998919 0.000916 -0.046479 0.247091
-0.005956 0.994087 -0.108425 -0.054764
0.046105 0.108585 0.993017 1.174147
80
0.999256 -0.001013 -0.038567 0.250636
-0.003047 0.994461 -0.105067 -0.053927
0.038460 0.105106 0.993717 1.192896
81
0.999418 -0.001502 -0.034080 0.249231
-0.001976 0.994802 -0.101812 -0.052713
0.034056 0.101820 0.994220 1.198714
82
0.999594 -0.000265 -0.028491 0.250242
-0.002653 0.994748 -0.102322 -0.051828
0.028369 0.102357 0.994343 1.217164
83
0.999749 0.000005 -0.022404 0.250210
-0.002324 0.994631 -0.103459 -0.052034
0.022283 0.103485 0.994381 1.234046
84
0.999925 0.002136 -0.012049 0.251116
-0.003396 0.994406 -0.105572 -0.052559
0.011756 0.105605 0.994339 1.250775
85
0.999993 0.003148 -0.001963 0.250773
-0.003337 0.994460 -0.105067 -0.052485
0.001621 0.105073 0.994463 1.263360
86
0.999975 0.002811 0.006455 0.251423
-0.002103 0.994235 -0.107206 -0.052705
-0.006719 0.107190 0.994216 1.281147
87
0.999864 0.001006 0.016491 0.252216
0.000794 0.994063 -0.108799 -0.053083
-0.016503 0.108797 0.993927 1.299361
88
0.999612 -0.005035 0.027401 0.253821
0.008021 0.993900 -0.109997 -0.055425
-0.026680 0.110174 0.993554 1.313770
89
0.999144 -0.011173 0.039820 0.253822
0.015467 0.993898 -0.109214 -0.055679
-0.038356 0.109736 0.993220 1.318391
90
0.998494 -0.011874 0.053553 0.255721
0.017608 0.994006 -0.107901 -0.055900
-0.051951 0.108682 0.992718 1.339493
91
0.997696 -0.009303 0.067206 0.256182
0.016300 0.994410 -0.104324 -0.057811
-0.065860 0.105179 0.992270 1.359316
92
0.996478 -0.010095 0.083248 0.257536
0.018676 0.994511 -0.102957 -0.059649
-0.081752 0.104149 0.991196 1.377265
93
0.995136 -0.011583 0.097826 0.252956
0.021919 0.994204 -0.105253 -0.059878
-0.096040 0.106885 0.989622 1.360893
94
0.993141 -0.013191 0.116173 0.255180
0.025693 0.993950 -0.106784 -0.060883
-0.114061 0.109037 0.987472 1.376552
95
0.990984 -0.013845 0.133262 0.258167
0.028481 0.993682 -0.108559 -0.062338
-0.130917 0.111375 0.985117 1.393172
96
0.988264 -0.013984 0.152112 0.261553
0.030608 0.993734 -0.107496 -0.064062
-0.149655 0.110891 0.982500 1.408501
97
0.985199 -0.014388 0.170810 0.262600
0.032098 0.994330 -0.101381 -0.064469
-0.168383 0.105364 0.980074 1.412466
98
0.981254 -0.011700 0.192364 0.267789
0.030360 0.995077 -0.094343 -0.065211
-0.190313 0.098415 0.976778 1.427775
99
0.977043 -0.013306 0.212624 0.272898
0.033057 0.995428 -0.089608 -0.065108
-0.210460 0.094579 0.973017 1.441277
100
0.971390 -0.015120 0.237007 0.276861
0.037482 0.995224 -0.090132 -0.064947
-0.234513 0.096437 0.967318 1.451187
101
0.965843 -0.019426 0.258398 0.281345
0.044453 0.994825 -0.091367 -0.064685
-0.255286 0.099733 0.961708 1.451483
102
0.959394 -0.022256 0.281192 0.286298
0.050211 0.994436 -0.092608 -0.064414
-0.277566 0.102967 0.955173 1.460002
103
0.952512 -0.024449 0.303519 0.293020
0.055448 0.994033 -0.093936 -0.064846
-0.299411 0.106304 0.948184 1.469257
104
0.944820 -0.026105 0.326547 0.300135
0.059256 0.993996 -0.091986 -0.064777
-0.322185 0.106260 0.940694 1.478861
105
0.936687 -0.025341 0.349249 0.309201
0.061047 0.993922 -0.091611 -0.065238
-0.344805 0.107132 0.932541 1.490392
106
0.927682 -0.024178 0.372589 0.315182
0.061725 0.994101 -0.089178 -0.063418
-0.368235 0.105727 0.923702 1.489378
107
0.918588 -0.023073 0.394542 0.325102
0.062951 0.994091 -0.088430 -0.062787
-0.390170 0.106067 0.914613 1.500655
108
0.909326 -0.021430 0.415532 0.335138
0.063821 0.994039 -0.088397 -0.061099
-0.411160 0.106901 0.905273 1.510505
109
0.898890 -0.020930 0.437675 0.344048
0.066392 0.993832 -0.088830 -0.060652
-0.433116 0.108907 0.894734 1.517163
110
0.888961 -0.020623 0.457518 0.354808
0.069015 0.993610 -0.089310 -0.060755
-0.452753 0.110969 0.884704 1.523989
111
0.878876 -0.017853 0.476715 0.366133
0.067865 0.993815 -0.087899 -0.060310
-0.472198 0.109604 0.874652 1.534080
112
0.868031 -0.013995 0.496313 0.373265
0.067246 0.993706 -0.089591 -0.060557
-0.491935 0.111143 0.863508 1.531268
113
0.856705 -0.011992 0.515666 0.383164
0.069779 0.993234 -0.092829 -0.062453
-0.511064 0.115510 0.851746 1.537699
114
0.846458 -0.012048 0.532319 0.392073
0.074038 0.992695 -0.095262 -0.064221
-0.527283 0.120047 0.841167 1.543121
115
0.834868 -0.012846 0.550301 0.403886
0.076632 0.992705 -0.093086 -0.066409
-0.545091 0.119885 0.829761 1.551382
116
0.824583 -0.011382 0.565627 0.416538
0.076326 0.992895 -0.091291 -0.069742
-0.560569 0.118449 0.819593 1.560439
117
0.812929 -0.009670 0.582282 0.424502
0.076550 0.992961 -0.090382 -0.071096
-0.577309 0.118048 0.807947 1.554076
118
0.800340 -0.007100 0.599504 0.435637
0.076990 0.992868 -0.091023 -0.072917
-0.594582 0.119006 0.795179 1.560963
119
0.787475 -0.005069 0.616326 0.445152
0.078776 0.992593 -0.092488 -0.074596
-0.611292 0.121384 0.782041 1.565920
120
0.774541 -0.003608 0.632513 0.455668
0.080110 0.992491 -0.092437 -0.075597
-0.627430 0.122266 0.769014 1.571987
121
0.762185 -0.003366 0.647351 0.466762
0.082563 0.992326 -0.092050 -0.075989
-0.642073 0.123606 0.756613 1.577747
122
0.749492 -0.002797 0.662007 0.476505
0.083718 0.992363 -0.090589 -0.076585
-0.656699 0.123317 0.744003 1.571610
123
0.736953 -0.002192 0.675941 0.487758
0.085777 0.992214 -0.090301 -0.076552
-0.670480 0.124528 0.731402 1.577835
124
0.723961 0.000215 0.689841 0.498385
0.086060 0.992159 -0.090627 -0.076407
-0.684451 0.124978 0.718266 1.584422
125
0.709740 0.001808 0.704462 0.509705
0.086834 0.992146 -0.090031 -0.076964
-0.699092 0.125069 0.704009 1.591291
126
0.696229 0.003716 0.717810 0.520927
0.087831 0.992032 -0.090327 -0.076646
-0.712426 0.125934 0.690355 1.597907
127
0.683001 0.007985 0.730374 0.529907
0.086352 0.992045 -0.091596 -0.074238
-0.725295 0.125629 0.676878 1.598182
128
0.669933 0.010668 0.742345 0.540577
0.088373 0.991642 -0.094003 -0.075673
-0.737143 0.128579 0.663391 1.605193
129
0.656364 0.011681 0.754354 0.550311
0.092652 0.991063 -0.095963 -0.076207
-0.748733 0.132879 0.649417 1.609803
130
0.643224 0.012808 0.765571 0.565110
0.091199 0.991461 -0.093211 -0.076139
-0.760227 0.129775 0.636564 1.617999
131
0.629965 0.016072 0.776457 0.579096
0.085633 0.992252 -0.090015 -0.077986
-0.771888 0.123197 0.623708 1.627064
132
0.615320 0.019567 0.788035 0.587103
0.081607 0.992739 -0.088371 -0.078378
-0.784042 0.118685 0.609255 1.625773
133
0.602387 0.020887 0.797931 0.597610
0.082134 0.992729 -0.087993 -0.080629
-0.793967 0.118543 0.596292 1.629435
134
0.587488 0.020819 0.808965 0.607766
0.084589 0.992613 -0.086975 -0.081806
-0.804800 0.119526 0.581387 1.633509
135
0.574503 0.020458 0.818247 0.617715
0.085550 0.992711 -0.084886 -0.082649
-0.814019 0.118768 0.568566 1.637789
136
0.561951 0.019274 0.826946 0.628840
0.086554 0.992870 -0.081959 -0.082776
-0.822629 0.117632 0.556277 1.640461
137
0.547594 0.020503 0.836493 0.631216
0.086559 0.992948 -0.081002 -0.081890
-0.832255 0.116763 0.541958 1.627886
138
0.532476 0.021599 0.846170 0.640887
0.087744 0.992880 -0.080559 -0.081667
-0.841885 0.117142 0.526790 1.630757
139
0.518098 0.023018 0.855011 0.648792
0.087715 0.992937 -0.079883 -0.083145
-0.850811 0.116385 0.512420 1.633735
140
0.503308 0.024332 0.863764 0.659808
0.087490 0.993032 -0.078953 -0.082250
-0.859666 0.115308 0.497672 1.635833
141
0.488776 0.025432 0.872039 0.670442
0.088203 0.993013 -0.078397 -0.081846
-0.867939 0.115235 0.483117 1.637531
142
0.476351 0.026044 0.878870 0.678674
0.088521 0.993062 -0.077407 -0.081672
-0.874788 0.114672 0.470740 1.638605
143
0.463085 0.025854 0.885937 0.689808
0.088975 0.993169 -0.075492 -0.081280
-0.881836 0.113785 0.457622 1.639505
144
0.450240 0.027803 0.892475 0.700444
0.087680 0.993308 -0.075177 -0.080807
-0.888592 0.112100 0.444789 1.640032
145
0.437103 0.030369 0.898899 0.712223
0.086225 0.993412 -0.075491 -0.080682
-0.895269 0.110504 0.431604 1.640289
146
0.425215 0.032287 0.904516 0.716342
0.085697 0.993438 -0.075747 -0.079885
-0.901026 0.109723 0.419658 1.625557
147
0.413636 0.034222 0.909799 0.728433
0.085047 0.993471 -0.076036 -0.079466
-0.906461 0.108827 0.408025 1.625239
148
0.401877 0.036259 0.914975 0.740154
0.086194 0.993281 -0.077221 -0.081056
-0.911628 0.109899 0.396052 1.624607
149
0.390498 0.037485 0.919840 0.753466
0.086873 0.993212 -0.077355 -0.081544
-0.916496 0.110116 0.384591 1.623456
150
0.377464 0.037344 0.925271 0.766785
0.084974 0.993574 -0.074766 -0.081212
-0.922117 0.106846 0.371865 1.622011
151
0.363400 0.038096 0.930854 0.780960
0.082638 0.993907 -0.072938 -0.082876
-0.927961 0.103430 0.358038 1.622172
152
0.350075 0.039174 0.935902 0.786506
0.078989 0.994332 -0.071166 -0.085487
-0.933386 0.098839 0.344996 1.610197
153
0.336578 0.041745 0.940730 0.797572
0.076879 0.994464 -0.071635 -0.087214
-0.938512 0.096433 0.331505 1.609687
154
0.324212 0.043176 0.944999 0.808712
0.076624 0.994477 -0.071725 -0.089601
-0.942876 0.095664 0.319113 1.608980
155
0.311813 0.045069 0.949074 0.818875
0.076426 0.994448 -0.072333 -0.089736
-0.947065 0.095088 0.306637 1.607456
156
0.299333 0.045736 0.953052 0.830502
0.077437 0.994391 -0.072042 -0.089608
-0.951001 0.095366 0.294113 1.605886
157
0.286623 0.047297 0.956875 0.842358
0.075699 0.994540 -0.071834 -0.088492
-0.955048 0.093024 0.281477 1.604850
158
0.273455 0.048019 0.960685 0.853836
0.072701 0.994864 -0.070421 -0.088203
-0.959133 0.089100 0.268560 1.606959
159
0.259948 0.048797 0.964389 0.866232
0.069884 0.995153 -0.069191 -0.089228
-0.963090 0.085381 0.255278 1.608142
160
0.245395 0.048579 0.968205 0.876816
0.067918 0.995428 -0.067159 -0.090550
-0.967041 0.082239 0.240973 1.608631
161
0.232342 0.051555 0.971267 0.887139
0.065076 0.995533 -0.068410 -0.091486
-0.970455 0.079101 0.227949 1.609569
162
0.218722 0.056894 0.974127 0.899190
0.059313 0.995678 -0.071471 -0.090528
-0.973983 0.073411 0.214402 1.608859
163
0.204710 0.058362 0.977081 0.912162
0.057317 0.995793 -0.071488 -0.090943
-0.977143 0.070638 0.200504 1.609513
164
0.188850 0.060066 0.980167 0.925447
0.055600 0.995872 -0.071741 -0.091068
-0.980431 0.068046 0.184731 1.609652
165
0.172164 0.061331 0.983157 0.938411
0.054361 0.995947 -0.071649 -0.090856
-0.983567 0.065781 0.168132 1.609049
166
0.155087 0.061625 0.985977 0.953290
0.053046 0.996093 -0.070601 -0.090965
-0.986476 0.063251 0.151213 1.609349
167
0.137840 0.064057 0.988381 0.967498
0.050755 0.996138 -0.071638 -0.091716
-0.989153 0.060040 0.134057 1.610329
168
0.119291 0.066513 0.990629 0.980676
0.049599 0.996109 -0.072853 -0.091984
-0.991620 0.057825 0.115528 1.610662
169
0.100163 0.067991 0.992645 0.993717
0.051151 0.995991 -0.073381 -0.094387
-0.993655 0.058124 0.096284 1.610664
170
0.080749 0.068651 0.994367 1.006045
0.053179 0.995908 -0.073076 -0.094940
-0.995315 0.058781 0.076768 1.611890
171
0.060114 0.068295 0.995852 1.020707
0.054886 0.995921 -0.071613 -0.093118
-0.996681 0.058963 0.056121 1.611586
172
0.039908 0.067706 0.996907 1.033603
0.055012 0.996040 -0.069849 -0.092807
-0.997688 0.057629 0.036026 1.612331
173
0.018164 0.069457 0.997420 1.044291
0.055462 0.995978 -0.070367 -0.095873
-0.998296 0.056597 0.014239 1.614198
174
-0.003534 0.070929 0.997475 1.054876
0.059828 0.995710 -0.070591 -0.098917
-0.998202 0.059427 -0.007762 1.615492
175
-0.026322 0.072098 0.997050 1.063034
0.062973 0.995534 -0.070325 -0.098155
-0.997668 0.060936 -0.030744 1.616675
176
-0.049263 0.074280 0.996020 1.070971
0.066723 0.995248 -0.070922 -0.098167
-0.996555 0.062964 -0.053985 1.617370
177
-0.071294 0.076474 0.994519 1.078774
0.068683 0.995066 -0.071593 -0.096375
-0.995088 0.063202 -0.076195 1.618342
178
-0.094577 0.079726 0.992320 1.086655
0.069875 0.994861 -0.073270 -0.096964
-0.993062 0.062408 -0.099662 1.619795
179
-0.117575 0.081073 0.989749 1.094065
0.072452 0.994706 -0.072872 -0.096629
-0.990417 0.063142 -0.122826 1.621000
180
-0.140041 0.080409 0.986875 1.106569
0.073746 0.994776 -0.070588 -0.095721
-0.987396 0.062893 -0.145240 1.619749
181
-0.162056 0.080182 0.983518 1.115375
0.075110 0.994804 -0.068726 -0.096046
-0.983919 0.062734 -0.167237 1.617662
182
-0.183605 0.079487 0.979781 1.122373
0.077665 0.994783 -0.066150 -0.097390
-0.979927 0.063949 -0.188821 1.615627
183
-0.206046 0.079246 0.975328 1.130301
0.081035 0.994674 -0.063699 -0.097786
-0.975181 0.065911 -0.211370 1.614194
184
-0.227607 0.079431 0.970508 1.138813
0.085018 0.994482 -0.061454 -0.098080
-0.970035 0.068523 -0.233104 1.612201
185
-0.248911 0.079829 0.965231 1.148488
0.087035 0.994409 -0.059797 -0.096543
-0.964608 0.069125 -0.254467 1.608764
186
-0.268233 0.079651 0.960056 1.155738
0.089223 0.994347 -0.057568 -0.096147
-0.959213 0.070217 -0.273823 1.605579
187
-0.286584 0.080500 0.954667 1.162827
0.091203 0.994231 -0.056457 -0.096965
-0.953704 0.070889 -0.292273 1.601632
188
-0.303657 0.082206 0.949229 1.170008
0.093423 0.994039 -0.056200 -0.095761
-0.948190 0.071614 -0.309527 1.597512
189
-0.320873 0.082180 0.943550 1.174831
0.094327 0.994048 -0.054500 -0.094258
-0.942413 0.071515 -0.326715 1.592876
190
-0.337391 0.081069 0.937867 1.181868
0.094354 0.994180 -0.051994 -0.093381
-0.936624 0.070949 -0.343077 1.587640
191
-0.352914 0.079536 0.932269 1.191902
0.095282 0.994256 -0.048755 -0.093740
-0.930792 0.071622 -0.358465 1.582524
192
-0.366319 0.079146 0.927117 1.198247
0.096247 0.994254 -0.046849 -0.094432
-0.925498 0.072071 -0.371832 1.576720
193
-0.378745 0.080082 0.922030 1.206211
0.096928 0.994203 -0.046535 -0.093201
-0.920411 0.071745 -0.384311 1.570716
194
-0.389327 0.082074 0.917436 1.212072
0.097957 0.994063 -0.047359 -0.094182
-0.915876 0.071431 -0.395056 1.565843
195
-0.398697 0.083265 0.913295 1.217169
0.097848 0.994047 -0.047912 -0.093498
-0.911848 0.070262 -0.404471 1.561504
196
-0.405244 0.084054 0.910336 1.221653
0.098988 0.993944 -0.047708 -0.094269
-0.908834 0.070779 -0.411110 1.555965
197
-0.409118 0.083654 0.908639 1.225591
0.099239 0.993961 -0.046827 -0.094462
-0.907069 0.071015 -0.414949 1.550882
198
-0.410536 0.084558 0.907915 1.230305
0.099374 0.993909 -0.047633 -0.097759
-0.906413 0.070668 -0.416438 1.545773
199
-0.412016 0.083909 0.907305 1.232708
0.099480 0.993941 -0.046746 -0.098301
-0.905730 0.070998 -0.417866 1.533643
200
-0.411343 0.084705 0.907536 1.241949
0.101185 0.993762 -0.046890 -0.098945
-0.905847 0.072541 -0.417348 1.525457
201
-0.408556 0.085521 0.908718 1.250989
0.102339 0.993615 -0.047500 -0.099796
-0.906978 0.073591 -0.414699 1.518830
202
-0.403257 0.082695 0.911343 1.261990
0.102019 0.993763 -0.045031 -0.100261
-0.909382 0.074815 -0.409178 1.512176
203
-0.396589 0.081085 0.914408 1.273170
0.102421 0.993781 -0.043702 -0.100527
-0.912265 0.076323 -0.402427 1.505904
204
-0.390805 0.078192 0.917146 1.287877
0.102929 0.993849 -0.040873 -0.100506
-0.914701 0.078428 -0.396449 1.499722
205
-0.383196 0.075285 0.920594 1.298769
0.102108 0.994017 -0.038787 -0.103047
-0.918006 0.079137 -0.388591 1.494644
206
-0.375605 0.071815 0.923993 1.306011
0.101084 0.994220 -0.036182 -0.104232
-0.921251 0.079811 -0.380693 1.481828
207
-0.365173 0.070205 0.928289 1.317590
0.100415 0.994305 -0.035696 -0.104864
-0.925508 0.080179 -0.370143 1.478646
208
-0.356443 0.067741 0.931858 1.328203
0.100103 0.994396 -0.033997 -0.104276
-0.928939 0.081164 -0.361226 1.475244
209
-0.345801 0.066052 0.935980 1.342150
0.100062 0.994427 -0.033208 -0.104117
-0.932957 0.082173 -0.350483 1.470235
210
-0.333970 0.064148 0.940399 1.355710
0.099020 0.994549 -0.032677 -0.103806
-0.937368 0.082205 -0.338501 1.466498
211
-0.322096 0.061693 0.944695 1.368049
0.097513 0.994729 -0.031713 -0.103474
-0.941672 0.081906 -0.326414 1.463147
212
-0.309866 0.059130 0.948940 1.376807
0.096405 0.994874 -0.030512 -0.103137
-0.945880 0.082028 -0.313979 1.456484
213
-0.296996 0.058207 0.953103 1.390235
0.096059 0.994898 -0.030827 -0.102509
-0.950035 0.082399 -0.301072 1.455904
214
-0.283845 0.057017 0.957173 1.403424
0.095102 0.994983 -0.031068 -0.102284
-0.954142 0.082210 -0.287843 1.454315
215
-0.269520 0.055122 0.961416 1.417872
0.093499 0.995141 -0.030844 -0.100692
-0.958445 0.081578 -0.273364 1.454730
216
-0.255333 0.055540 0.965257 1.434024
0.091883 0.995224 -0.032959 -0.100116
-0.962477 0.080275 -0.259216 1.455321
217
-0.241672 0.058063 0.968619 1.451093
0.091284 0.995142 -0.036878 -0.100709
-0.966055 0.079507 -0.245798 1.453536
218
-0.227311 0.061543 0.971875 1.463384
0.091096 0.994969 -0.041699 -0.103848
-0.969552 0.079056 -0.231774 1.454417
219
-0.211254 0.064111 0.975326 1.474264
0.090709 0.994826 -0.045745 -0.102872
-0.973213 0.078807 -0.215977 1.454922
220
-0.196871 0.061681 0.978487 1.493732
0.088073 0.995097 -0.045007 -0.096551
-0.976465 0.077318 -0.201338 1.455795
221
-0.185170 0.059287 0.980916 1.511120
0.086574 0.995282 -0.043812 -0.099825
-0.978886 0.076809 -0.189429 1.459149
222
-0.172562 0.060526 0.983137 1.525654
0.085429 0.995269 -0.046278 -0.105622
-0.981287 0.076003 -0.176916 1.460136
223
-0.159117 0.064841 0.985128 1.533026
0.085284 0.995014 -0.051717 -0.109975
-0.983569 0.075787 -0.163853 1.458243
224
-0.146496 0.067836 0.986883 1.544650
0.085321 0.994795 -0.055715 -0.109646
-0.985525 0.076039 -0.151521 1.458919
225
-0.134886 0.067246 0.988577 1.559212
0.084943 0.994806 -0.056080 -0.107705
-0.987213 0.076409 -0.139897 1.459089
226
-0.123844 0.064195 0.990223 1.576488
0.084164 0.994989 -0.053978 -0.105387
-0.988726 0.076656 -0.128626 1.460900
227
-0.114127 0.061791 0.991543 1.593275
0.083273 0.995147 -0.052431 -0.105881
-0.989970 0.076585 -0.118719 1.461795
228
-0.105098 0.061499 0.992558 1.606314
0.081651 0.995250 -0.053020 -0.108556
-0.991104 0.075471 -0.109620 1.462549
229
-0.095465 0.060003 0.993623 1.618179
0.081934 0.995268 -0.052231 -0.109886
-0.992055 0.076425 -0.099929 1.461503
230
-0.086997 0.058103 0.994513 1.630953
0.083506 0.995210 -0.050839 -0.111611
-0.992703 0.078625 -0.091432 1.462057
231
-0.077772 0.056510 0.995368 1.645953
0.084732 0.995155 -0.049878 -0.109143
-0.993364 0.080461 -0.082183 1.460814
232
-0.069822 0.054992 0.996042 1.661741
0.084191 0.995242 -0.049046 -0.106490
-0.994000 0.080433 -0.074120 1.460314
233
-0.062074 0.055279 0.996540 1.676949
0.082328 0.995346 -0.050085 -0.106292
-0.994670 0.078934 -0.066336 1.460023
234
-0.054947 0.056100 0.996912 1.690227
0.080984 0.995381 -0.051550 -0.106485
-0.995200 0.077901 -0.059237 1.459467
235
-0.047135 0.056942 0.997264 1.703251
0.081231 0.995286 -0.052989 -0.106308
-0.995580 0.078511 -0.051539 1.455153
236
-0.040725 0.056198 0.997589 1.718730
0.081830 0.995251 -0.052726 -0.105962
-0.995814 0.079485 -0.045130 1.453812
237
-0.034831 0.055444 0.997854 1.733962
0.082570 0.995206 -0.052415 -0.103977
-0.995976 0.080568 -0.039242 1.451379
238
-0.028895 0.055121 0.998062 1.753847
0.081103 0.995316 -0.052621 -0.101179
-0.996287 0.079425 -0.033230 1.450657
239
-0.024718 0.057353 0.998048 1.769168
0.081196 0.995170 -0.055176 -0.105718
-0.996392 0.079673 -0.029255 1.448158
240
-0.018800 0.059462 0.998053 1.783994
0.080951 0.995043 -0.057758 -0.106851
-0.996541 0.079707 -0.023521 1.445641
241
-0.013083 0.060026 0.998111 1.799712
0.081999 0.994899 -0.058758 -0.107286
-0.996547 0.081075 -0.017939 1.442168
242
-0.008143 0.061740 0.998059 1.817170
0.080436 0.994898 -0.060888 -0.103530
-0.996727 0.079784 -0.013067 1.440496
243
-0.004577 0.061457 0.998099 1.834553
0.077696 0.995114 -0.060917 -0.103619
-0.996967 0.077270 -0.009329 1.439320
244
-0.001694 0.063491 0.997981 1.848388
0.075310 0.995156 -0.063183 -0.109636
-0.997159 0.075051 -0.006468 1.438244
245
0.001887 0.066098 0.997811 1.861460
0.074400 0.995038 -0.066055 -0.115466
-0.997227 0.074361 -0.003040 1.435896
246
0.005666 0.068404 0.997642 1.875907
0.074482 0.994858 -0.068636 -0.116791
-0.997206 0.074695 0.000542 1.434124
247
0.008294 0.069122 0.997574 1.893081
0.074347 0.994804 -0.069548 -0.114801
-0.997198 0.074744 0.003112 1.431927
248
