74
1440
6488

64 602
0.997527 -0.008190 -0.069812 -0.967233
0.007676 0.999941 -0.007627 -0.305514
0.069871 0.007072 0.997531 0.620478
0 0
1.000000 0.000000 0.000000 -0.000000
0.000000 1.000000 0.000000 -0.000000
0.000000 0.000000 1.000000 -0.000000
91 830
-0.171584 0.052868 0.983750 0.982817
0.090283 0.995201 -0.037736 -0.443047
-0.981024 0.082341 -0.175533 0.657573
27 95
0.999723 -0.022378 0.007259 -0.120859
0.022463 0.999676 -0.011947 0.006152
-0.006989 0.012107 0.999902 0.012730
92 840
-0.290263 0.080805 0.953529 1.050899
0.131164 0.990384 -0.044000 -0.442607
-0.947915 0.112297 -0.298070 0.605814
28 109
0.999372 -0.024690 0.025403 -0.145859
0.024752 0.999691 -0.002108 0.007233
-0.025343 0.002735 0.999675 0.016210
94 858
-0.615390 0.161088 0.771587 1.094785
0.176173 0.982240 -0.064559 -0.452423
-0.768283 0.096204 -0.632840 0.460205
30 156
0.998866 -0.007886 0.046952 -0.225854
0.009077 0.999641 -0.025227 0.012399
-0.046737 0.025625 0.998579 0.019309
36 318
0.997889 -0.017335 0.062591 -0.436599
0.018089 0.999770 -0.011499 0.022036
-0.062377 0.012607 0.997973 0.036169
101 933
-0.991031 0.094826 0.094157 0.870017
0.094577 0.995492 -0.007116 -0.434997
-0.094407 0.001853 -0.995532 -0.360431
37 396
0.994340 0.006705 0.106038 -0.438728
-0.006422 0.999975 -0.003014 0.021555
-0.106055 0.002316 0.994358 0.035443
102 949
-0.993197 0.081184 0.083479 0.817152
0.083720 0.996114 0.027334 -0.431205
-0.080935 0.034136 -0.996135 -0.512429
38 411
0.991445 0.022851 0.128507 -0.438112
-0.019401 0.999418 -0.028041 0.013289
-0.129073 0.025308 0.991312 0.035281
111 1054
-0.731818 0.114250 -0.671855 0.647760
0.154947 0.987923 -0.000777 -0.405916
0.663652 -0.104670 -0.740682 -1.403758
47 497
0.993621 -0.029152 -0.108940 -0.448451
0.027938 0.999530 -0.012657 -0.311609
0.109257 0.009533 0.993968 -0.037268
112 1065
-0.544881 0.091992 -0.833452 0.528326
0.146233 0.989157 0.013576 -0.394288
0.825664 -0.114481 -0.552425 -1.418428
48 509
0.995569 -0.031288 -0.088676 -0.504054
0.029877 0.999406 -0.017205 -0.315300
0.089161 0.014479 0.995912 -0.016124
113 1077
-0.358349 0.065963 -0.931254 0.392435
0.126739 0.991704 0.021475 -0.386736
0.924945 -0.110331 -0.363736 -1.414458
49 518
0.995671 -0.038174 -0.084748 -0.557107
0.036454 0.999099 -0.021750 -0.317062
0.085502 0.018567 0.996165 0.000242
121 1241
0.973650 -0.009536 -0.227847 -0.777770
0.012895 0.999829 0.013259 -0.355601
0.227681 -0.015848 0.973607 -0.654715
57 562
0.989009 -0.036239 -0.143343 -0.843054
0.032195 0.999018 -0.030436 -0.290184
0.144305 0.025486 0.989205 0.205830
59 574
0.986130 -0.019206 -0.164859 -0.894593
0.018812 0.999815 -0.003950 -0.296905
0.164905 0.000794 0.986309 0.312540
60 579
0.987429 -0.025997 -0.155909 -0.920707
0.026011 0.999660 -0.001952 -0.294115
0.155907 -0.002128 0.987770 0.365615
63 596
0.995440 -0.007288 -0.095112 -0.963065
0.008653 0.999865 0.013945 -0.302816
0.094998 -0.014705 0.995369 0.552602
66 616
0.999765 -0.020785 0.006137 -0.982804
0.021031 0.998845 -0.043200 -0.313867
-0.005232 0.043319 0.999048 0.775667
67 622
0.998895 -0.022294 0.041382 -0.978302
0.024368 0.998436 -0.050310 -0.323412
-0.040196 0.051263 0.997876 0.847262
69 633
0.980138 -0.061096 0.188671 -0.928310
0.067878 0.997252 -0.029692 -0.321272
-0.186339 0.041909 0.981591 0.955172
70 639
0.945480 -0.078725 0.316023 -0.881555
0.096985 0.994380 -0.042446 -0.329079
-0.310906 0.070781 0.947801 1.007614
71 645
0.885590 -0.093319 0.454997 -0.839126
0.126091 0.991123 -0.042142 -0.337957
-0.447026 0.094692 0.889495 1.045453
72 652
0.788805 -0.083958 0.608882 -0.783832
0.143799 0.988342 -0.050010 -0.344842
-0.597585 0.127005 0.791683 1.089847
73 659
0.667339 -0.049926 0.743079 -0.721982
0.146167 0.987126 -0.064945 -0.353928
-0.730270 0.151954 0.666045 1.127990
75 671
0.419115 -0.001539 0.907932 -0.598434
0.135021 0.988985 -0.060652 -0.360017
-0.897837 0.148010 0.414706 1.161803
76 680
0.258379 0.026071 0.965692 -0.490600
0.122775 0.990644 -0.059594 -0.363918
-0.958210 0.133960 0.252761 1.164922
77 689
0.134072 0.028148 0.990572 -0.388901
0.106984 0.993343 -0.042707 -0.376114
-0.985180 0.111701 0.130168 1.164165
78 697
0.057958 0.053740 0.996872 -0.297869
0.099791 0.993237 -0.059346 -0.378584
-0.993319 0.102919 0.052204 1.174760
80 714
-0.052915 0.097883 0.993790 -0.104935
0.106642 0.990047 -0.091836 -0.395115
-0.992888 0.101120 -0.062827 1.162125
81 721
-0.098243 0.110838 0.988971 -0.027454
0.097945 0.990030 -0.101227 -0.399588
-0.990331 0.086920 -0.108119 1.146468
82 732
-0.170930 0.095839 0.980611 0.097031
0.104280 0.991428 -0.078719 -0.402083
-0.979749 0.088802 -0.179459 1.113931
83 742
-0.244520 0.100025 0.964471 0.205022
0.105085 0.991540 -0.076190 -0.407300
-0.963933 0.082721 -0.252963 1.076390
84 754
-0.346268 0.102672 0.932500 0.308992
0.108745 0.991685 -0.068808 -0.414746
-0.931812 0.077579 -0.354554 0.996341
86 776
-0.421751 0.086548 0.902572 0.489831
0.092179 0.994369 -0.052277 -0.416391
-0.902014 0.061150 -0.427354 0.834252
87 786
-0.375155 0.074105 0.923995 0.574553
0.071263 0.996155 -0.050958 -0.429737
-0.924219 0.046729 -0.378993 0.772757
88 797
-0.273452 0.082573 0.958335 0.664655
0.051085 0.996149 -0.071255 -0.437417
-0.960528 0.029472 -0.276617 0.715188
89 808
-0.155193 0.077329 0.984853 0.767759
0.047396 0.996366 -0.070764 -0.437010
-0.986746 0.035696 -0.158295 0.680759
90 818
-0.115056 0.067999 0.991029 0.876690
0.054235 0.996596 -0.062084 -0.438292
-0.991877 0.046605 -0.118352 0.681323
93 849
-0.433804 0.112672 0.893935 1.085286
0.151549 0.987139 -0.050877 -0.447119
-0.888171 0.113404 -0.445300 0.538915
96 877
-0.906831 0.180140 0.381061 1.051284
0.182338 0.982758 -0.030662 -0.452414
-0.380014 0.041677 -0.924041 0.276278
97 888
-0.962044 0.156896 0.223283 1.019442
0.159094 0.987229 -0.008223 -0.450695
-0.221722 0.027613 -0.974719 0.155775
98 902
-0.985117 0.109139 0.132790 0.997364
0.106961 0.993987 -0.023450 -0.448836
-0.134551 -0.008897 -0.990867 0.008385
99 911
-0.988798 0.109936 0.100960 0.960696
0.107090 0.993695 -0.033200 -0.444852
-0.103973 -0.022016 -0.994336 -0.086320
103 962
-0.991404 0.084840 0.099599 0.801217
0.085606 0.996323 0.003435 -0.436519
-0.098942 0.011932 -0.995022 -0.630649
104 973
-0.979743 0.105631 0.170132 0.831502
0.104444 0.994403 -0.015935 -0.428048
-0.170863 0.002157 -0.985292 -0.755090
105 984
-0.968033 0.107281 0.226723 0.862358
0.103623 0.994222 -0.028015 -0.427584
-0.228419 -0.003626 -0.973556 -0.864144
106 995
-0.953222 0.119330 0.277720 0.884332
0.112750 0.992834 -0.039606 -0.429679
-0.280455 -0.006440 -0.959845 -0.988159
107 1007
-0.951215 0.123089 0.282913 0.906436
0.117291 0.992393 -0.037410 -0.422510
-0.285365 -0.002402 -0.958416 -1.112894
108 1019
-0.973352 0.162326 0.161976 0.908647
0.158059 0.986660 -0.038981 -0.417058
-0.166143 -0.012340 -0.986024 -1.225790
109 1031
-0.978298 0.173304 -0.113573 0.844759
0.175756 0.984362 -0.011867 -0.418857
0.109740 -0.031571 -0.993459 -1.311941
110 1043
-0.888585 0.146249 -0.434773 0.758606
0.165511 0.986186 -0.006535 -0.410696
0.427811 -0.077766 -0.900516 -1.366774
114 1091
-0.195023 0.054118 -0.979304 0.245740
0.100781 0.994297 0.034876 -0.384253
0.975607 -0.091893 -0.199365 -1.408226
115 1104
-0.112651 0.050668 -0.992342 0.078868
0.066702 0.996832 0.043325 -0.380187
0.991393 -0.061310 -0.115674 -1.409042
116 1119
-0.037350 0.063981 -0.997252 -0.102198
0.055524 0.996539 0.061856 -0.360750
0.997759 -0.053061 -0.040773 -1.389221
117 1137
0.009708 0.056612 -0.998349 -0.313994
0.044599 0.997378 0.056990 -0.353015
0.998958 -0.045078 0.007157 -1.391376
118 1155
0.117511 0.016613 -0.992933 -0.503677
0.057870 0.998046 0.023548 -0.349976
0.991384 -0.060228 0.116320 -1.348422
119 1178
0.465124 -0.048920 -0.883893 -0.687278
0.077717 0.996873 -0.014276 -0.347482
0.881827 -0.062054 0.467472 -1.256717
120 1217
0.976489 -0.048453 -0.210051 -0.783033
0.047972 0.998821 -0.007388 -0.346681
0.210161 -0.002862 0.977662 -0.898433
122 1272
0.547814 0.015325 -0.836460 -0.925216
-0.017983 0.999817 0.006541 -0.348067
0.836407 0.011459 0.547989 -0.414178
123 1301
-0.284228 0.010293 -0.958701 -1.119268
0.008802 0.999928 0.008126 -0.348022
0.958716 -0.006129 -0.284298 -0.400089
124 1316
-0.605613 0.061122 -0.793408 -1.244230
0.058215 0.997777 0.032430 -0.338046
0.793627 -0.026549 -0.607825 -0.467837
125 1332
-0.809911 0.090862 -0.579472 -1.340587
0.063274 0.995698 0.067690 -0.318038
0.583130 0.018157 -0.812176 -0.594441
126 1348
-0.893789 0.078851 -0.441501 -1.407610
0.058983 0.996539 0.058572 -0.312215
0.444592 0.026310 -0.895347 -0.745895
127 1361
-0.932508 0.060457 -0.356054 -1.458456
0.065566 0.997846 -0.002287 -0.307090
0.355149 -0.025478 -0.934463 -0.866060
128 1381
-0.967611 0.079118 -0.239728 -1.477375
0.098059 0.992847 -0.068120 -0.310021
0.232623 -0.089421 -0.968447 -1.034574
129 1393
-0.981094 0.095965 -0.168061 -1.502687
0.112810 0.989187 -0.093714 -0.315201
0.157251 -0.110901 -0.981312 -1.140152
130 1407
-0.987851 0.081219 -0.132490 -1.524414
0.090175 0.993928 -0.063053 -0.322716
0.126564 -0.074234 -0.989177 -1.253694

0
0.000000 0.000000 0.000000 -nan
0.000000 0.000000 0.000000 -nan
-nan 0.000000 0.000000 -nan
1
0.000000 0.000000 0.000000 -nan
0.000000 0.000000 0.000000 -nan
-nan 0.000000 0.000000 -nan
2
0.000000 0.000000 0.000000 -nan
0.000000 0.000000 0.000000 -nan
-nan 0.000000 0.000000 -nan
3
0.000000 0.000000 0.000000 -nan
0.000000 0.000000 0.000000 -nan
-nan 0.000000 0.000000 -nan
4
0.000000 0.000000 0.000000 -nan
0.000000 0.000000 0.000000 -nan
-nan 0.000000 0.000000 -nan
5
0.000000 0.000000 0.000000 -nan
0.000000 0.000000 0.000000 -nan
-nan 0.000000 0.000000 -nan
6
0.000000 0.000000 0.000000 -nan
0.000000 0.000000 0.000000 -nan
-nan 0.000000 0.000000 -nan
7
0.000000 0.000000 0.000000 -nan
0.000000 0.000000 0.000000 -nan
-nan 0.000000 0.000000 -nan
8
0.000000 0.000000 0.000000 -nan
0.000000 0.000000 0.000000 -nan
-nan 0.000000 0.000000 -nan
9
0.000000 0.000000 0.000000 -nan
0.000000 0.000000 0.000000 -nan
-nan 0.000000 0.000000 -nan
10
0.000000 0.000000 0.000000 -nan
0.000000 0.000000 0.000000 -nan
-nan 0.000000 0.000000 -nan
11
0.000000 0.000000 0.000000 -nan
0.000000 0.000000 0.000000 -nan
-nan 0.000000 0.000000 -nan
12
0.000000 0.000000 0.000000 -nan
0.000000 0.000000 0.000000 -nan
-nan 0.000000 0.000000 -nan
13
0.000000 0.000000 0.000000 -nan
0.000000 0.000000 0.000000 -nan
-nan 0.000000 0.000000 -nan
14
0.000000 0.000000 0.000000 -nan
0.000000 0.000000 0.000000 -nan
-nan 0.000000 0.000000 -nan
15
0.000000 0.000000 0.000000 -nan
0.000000 0.000000 0.000000 -nan
-nan 0.000000 0.000000 -nan
16
0.999951 0.000125 0.009854 -0.015234
-0.000138 0.999999 0.001326 0.000393
-0.009854 -0.001327 0.999951 0.006481
17
0.999949 0.000494 0.010081 -0.015955
-0.000513 0.999998 0.001944 0.001324
-0.010080 -0.001949 0.999947 0.006330
18
0.999963 0.001704 0.008380 -0.018373
-0.001725 0.999995 0.002560 0.000034
-0.008376 -0.002574 0.999962 0.006401
19
0.999969 -0.000840 0.007833 -0.019068
0.000823 0.999997 0.002226 -0.000327
-0.007834 -0.002220 0.999967 0.006424
20
0.999977 -0.003007 0.006089 -0.020221
0.002990 0.999992 0.002723 -0.000140
-0.006098 -0.002705 0.999978 0.006296
21
0.999979 -0.003599 0.005311 -0.022903
0.003579 0.999987 0.003737 0.000521
-0.005325 -0.003718 0.999979 0.007515
22
0.999976 -0.003969 0.005628 -0.025085
0.003941 0.999981 0.004829 0.000648
-0.005647 -0.004807 0.999973 0.008582
23
0.999964 -0.005406 0.006555 -0.026786
0.005383 0.999979 0.003569 0.000457
-0.006574 -0.003534 0.999972 0.008686
24
0.999964 -0.004910 0.006926 -0.028333
0.004880 0.999979 0.004242 0.000315
-0.006947 -0.004208 0.999967 0.008815
25
0.999945 -0.005860 0.008682 -0.033503
0.005840 0.999980 0.002334 0.000148
-0.008696 -0.002284 0.999960 0.008534
26
0.999952 -0.004781 0.008603 -0.035374
0.004772 0.999988 0.001039 0.000807
-0.008608 -0.000997 0.999962 0.008247
27
0.999962 -0.003057 0.008182 -0.038396
0.003052 0.999995 0.000628 0.000803
-0.008184 -0.000603 0.999966 0.007153
28
0.999961 -0.003494 0.008087 -0.040013
0.003486 0.999993 0.000925 0.001193
-0.008091 -0.000897 0.999967 0.006801
29
0.999958 -0.005976 0.006999 -0.043064
0.005964 0.999981 0.001837 0.000548
-0.007009 -0.001795 0.999974 0.007419
30
0.999945 -0.007188 0.007579 -0.044584
0.007188 0.999974 -0.000007 0.001426
-0.007579 0.000062 0.999971 0.007470
31
0.999964 -0.005317 0.006597 -0.046914
0.005319 0.999986 -0.000373 0.002066
-0.006595 0.000408 0.999978 0.006829
32
0.999966 -0.005315 0.006372 -0.049456
0.005320 0.999986 -0.000691 0.001576
-0.006368 0.000725 0.999979 0.007394
33
0.999962 -0.006097 0.006223 -0.051854
0.006122 0.999973 -0.003963 0.001794
-0.006199 0.004001 0.999973 0.006943
34
0.999966 -0.005781 0.005964 -0.053369
0.005797 0.999980 -0.002665 0.001992
-0.005949 0.002700 0.999979 0.008295
35
0.999951 -0.006800 0.007159 -0.055830
0.006800 0.999977 -0.000050 0.001773
-0.007159 0.000098 0.999974 0.008024
36
0.999951 -0.007410 0.006584 -0.058063
0.007394 0.999970 0.002402 0.002747
-0.006602 -0.002353 0.999975 0.008168
37
0.999928 -0.008742 0.008181 -0.060907
0.008731 0.999961 0.001310 0.002195
-0.008192 -0.001239 0.999966 0.008579
38
0.999932 -0.007466 0.008907 -0.063387
0.007441 0.999968 0.002906 0.003361
-0.008928 -0.002839 0.999956 0.008633
39
0.999935 -0.007098 0.008972 -0.066307
0.007067 0.999969 0.003502 0.003127
-0.008997 -0.003438 0.999954 0.008948
40
0.999922 -0.008215 0.009422 -0.069571
0.008202 0.999965 0.001472 0.002979
-0.009433 -0.001394 0.999955 0.008833
41
0.999903 -0.008472 0.011056 -0.073141
0.008465 0.999964 0.000637 0.003688
-0.011061 -0.000543 0.999939 0.009377
42
0.999886 -0.008386 0.012535 -0.074676
0.008375 0.999965 0.000892 0.004162
-0.012542 -0.000787 0.999921 0.008471
43
0.999882 -0.008332 0.012884 -0.077623
0.008292 0.999961 0.003181 0.003500
-0.012910 -0.003073 0.999912 0.009888
44
0.999858 -0.009095 0.014191 -0.078904
0.009084 0.999958 0.000848 0.003591
-0.014198 -0.000719 0.999899 0.009620
45
0.999850 -0.008859 0.014880 -0.082063
0.008859 0.999961 0.000060 0.004643
-0.014880 0.000072 0.999889 0.009026
46
0.999864 -0.007134 0.014864 -0.084828
0.007105 0.999973 0.001988 0.004360
-0.014878 -0.001883 0.999888 0.010069
47
0.999862 -0.007727 0.014705 -0.087420
0.007739 0.999970 -0.000715 0.004625
-0.014699 0.000828 0.999892 0.008738
48
0.999871 -0.008622 0.013541 -0.088431
0.008656 0.999959 -0.002483 0.004407
-0.013520 0.002600 0.999905 0.009593
49
0.999886 -0.007968 0.012797 -0.090793
0.008005 0.999964 -0.002862 0.007158
-0.012774 0.002964 0.999914 0.007287
50
0.999916 -0.005579 0.011664 -0.092367
0.005615 0.999980 -0.003030 0.006948
-0.011646 0.003095 0.999927 0.006945
51
0.999911 -0.005171 0.012332 -0.092316
0.005230 0.999975 -0.004744 0.002657
-0.012308 0.004808 0.999913 0.009132
52
0.999926 -0.005060 0.011054 -0.090011
0.005147 0.999956 -0.007791 0.002036
-0.011015 0.007847 0.999909 0.007693
53
0.999947 -0.005743 0.008562 -0.088714
0.005832 0.999928 -0.010483 0.002763
-0.008501 0.010532 0.999908 0.007395
54
0.999970 -0.006242 0.004668 -0.088439
0.006296 0.999913 -0.011570 0.006354
-0.004596 0.011599 0.999922 0.008608
55
0.999981 -0.004699 0.004102 -0.089392
0.004750 0.999911 -0.012486 0.003769
-0.004043 0.012505 0.999914 0.009790
56
0.999976 -0.005329 0.004453 -0.086978
0.005394 0.999876 -0.014826 0.002622
-0.004374 0.014849 0.999880 0.010550
57
0.999971 -0.005658 0.005102 -0.087242
0.005730 0.999883 -0.014184 0.004680
-0.005021 0.014213 0.999886 0.009129
58
0.999980 -0.004137 0.004680 -0.087390
0.004202 0.999896 -0.013802 0.003290
-0.004623 0.013822 0.999894 0.009855
59
0.999979 -0.004851 0.004271 -0.087451
0.004928 0.999824 -0.018081 0.003287
-0.004183 0.018102 0.999827 0.009225
60
0.999981 -0.005648 0.002464 -0.088048
0.005697 0.999775 -0.020444 0.003031
-0.002348 0.020458 0.999788 0.009551
61
0.999976 -0.006737 0.001842 -0.088005
0.006772 0.999780 -0.019829 0.001631
-0.001708 0.019841 0.999802 0.010646
62
0.999963 -0.008468 0.001789 -0.088300
0.008502 0.999769 -0.019733 0.003133
-0.001622 0.019748 0.999804 0.010696
63
0.999966 -0.007761 0.002679 -0.089702
0.007817 0.999740 -0.021404 0.003347
-0.002512 0.021424 0.999767 0.010494
64
0.999975 -0.006747 0.002045 -0.090423
0.006786 0.999783 -0.019705 0.003812
-0.001912 0.019718 0.999804 0.009713
65
0.999979 -0.006479 0.000955 -0.091331
0.006496 0.999785 -0.019694 0.004107
-0.000827 0.019700 0.999806 0.009729
66
0.999984 -0.005348 -0.001844 -0.091257
0.005306 0.999743 -0.022037 0.002839
0.001961 0.022026 0.999755 0.009863
67
0.999977 -0.006012 -0.003035 -0.090982
0.005937 0.999687 -0.024286 0.003271
0.003180 0.024267 0.999700 0.010001
68
0.999959 -0.007198 -0.005579 -0.089518
0.007043 0.999604 -0.027262 0.003061
0.005773 0.027221 0.999613 0.008825
69
0.999915 -0.009970 -0.008358 -0.088474
0.009727 0.999543 -0.028634 0.003194
0.008639 0.028551 0.999555 0.009389
70
0.999891 -0.011517 -0.009281 -0.087669
0.011255 0.999552 -0.027745 0.001228
0.009597 0.027637 0.999572 0.010883
71
0.999857 -0.013452 -0.010278 -0.086030
0.013163 0.999529 -0.027738 0.003955
0.010646 0.027598 0.999562 0.011186
72
0.999871 -0.012403 -0.010239 -0.087454
0.012119 0.999553 -0.027334 0.005984
0.010573 0.027207 0.999574 0.010992
73
0.999890 -0.011475 -0.009434 -0.088439
0.011187 0.999487 -0.030022 0.003852
0.009774 0.029913 0.999505 0.011256
74
0.999881 -0.012511 -0.009039 -0.088907
0.012219 0.999424 -0.031645 0.003769
0.009430 0.031531 0.999458 0.010689
75
0.999895 -0.010727 -0.009746 -0.089527
0.010435 0.999511 -0.029467 0.004092
0.010057 0.029362 0.999518 0.010640
76
0.999874 -0.010416 -0.012007 -0.090292
0.010025 0.999432 -0.032175 0.003997
0.012335 0.032050 0.999410 0.010352
77
0.999870 -0.008211 -0.013853 -0.090613
0.007742 0.999405 -0.033602 0.003718
0.014120 0.033491 0.999339 0.010878
78
0.999841 -0.011198 -0.013868 -0.090208
0.010739 0.999406 -0.032751 -0.002595
0.014226 0.032597 0.999367 0.013170
79
0.999793 -0.014269 -0.014489 -0.090236
0.013832 0.999458 -0.029877 0.005172
0.014908 0.029670 0.999449 0.013938
80
0.999774 -0.015577 -0.014442 -0.093285
0.015181 0.999516 -0.027139 0.006469
0.014858 0.026914 0.999527 0.014343
81
0.999765 -0.016177 -0.014464 -0.095647
0.015787 0.999519 -0.026703 0.005732
0.014889 0.026469 0.999539 0.013998
82
0.999787 -0.016348 -0.012621 -0.099109
0.016018 0.999539 -0.025781 0.008701
0.013037 0.025573 0.999588 0.013440
83
0.999841 -0.014715 -0.010036 -0.102674
0.014466 0.999596 -0.024474 0.004394
0.010392 0.024325 0.999650 0.014805
84
0.999861 -0.014962 -0.007313 -0.103869
0.014780 0.999595 -0.024303 0.002607
0.007674 0.024192 0.999678 0.013554
85
0.999795 -0.019346 -0.006019 -0.106000
0.019190 0.999506 -0.024876 0.008071
0.006497 0.024755 0.999672 0.010966
86
0.999802 -0.019413 -0.004271 -0.107751
0.019306 0.999527 -0.023933 0.004559
0.004733 0.023846 0.999704 0.013099
87
0.999804 -0.019629 -0.002454 -0.110516
0.019569 0.999554 -0.022537 0.003872
0.002895 0.022485 0.999743 0.013157
88
0.999790 -0.020486 -0.000965 -0.112336
0.020463 0.999602 -0.019416 0.006368
0.001362 0.019393 0.999811 0.013310
89
0.999805 -0.019746 -0.000053 -0.115445
0.019743 0.999652 -0.017515 0.007287
0.000398 0.017510 0.999847 0.013193
90
0.999795 -0.020170 0.002021 -0.117210
0.020202 0.999652 -0.016941 0.003176
-0.001679 0.016979 0.999854 0.015142
91
0.999752 -0.021835 0.004398 -0.119780
0.021897 0.999652 -0.014678 0.007389
-0.004076 0.014771 0.999883 0.013492
92
0.999722 -0.022637 0.006606 -0.122202
0.022719 0.999661 -0.012687 0.005077
-0.006316 0.012833 0.999898 0.015200
93
0.999712 -0.022802 0.007491 -0.125556
0.022891 0.999664 -0.012130 0.005400
-0.007212 0.012298 0.999898 0.014761
94
0.999680 -0.023887 0.008338 -0.127819
0.023999 0.999619 -0.013603 0.006759
-0.008009 0.013799 0.999873 0.013439
95
0.999706 -0.022953 0.007829 -0.130521
0.023048 0.999658 -0.012379 0.005740
-0.007543 0.012556 0.999893 0.014414
96
0.999664 -0.024597 0.008231 -0.131931
0.024699 0.999616 -0.012523 0.006347
-0.007920 0.012722 0.999888 0.013370
97
0.999606 -0.027049 0.007546 -0.133897
0.027140 0.999557 -0.012244 0.004927
-0.007212 0.012444 0.999897 0.016032
98
0.999537 -0.029332 0.008088 -0.135750
0.029412 0.999519 -0.009855 0.007266
-0.007796 0.010088 0.999919 0.014964
99
0.999510 -0.029677 0.009977 -0.137627
0.029743 0.999536 -0.006599 0.006218
-0.009776 0.006893 0.999928 0.017282
100
0.999437 -0.030700 0.013541 -0.140104
0.030792 0.999504 -0.006638 0.006587
-0.013331 0.007051 0.999886 0.017210
101
0.999470 -0.029171 0.014416 -0.143013
0.029229 0.999565 -0.003822 0.007184
-0.014299 0.004242 0.999889 0.018591
102
0.999451 -0.028861 0.016250 -0.144791
0.028956 0.999565 -0.005608 0.007305
-0.016081 0.006076 0.999852 0.016409
103
0.999431 -0.029574 0.016194 -0.147890
0.029663 0.999546 -0.005290 0.007920
-0.016030 0.005767 0.999855 0.015141
104
0.999481 -0.028055 0.015818 -0.150100
0.028151 0.999586 -0.005869 0.007695
-0.015647 0.006311 0.999858 0.015619
105
0.999414 -0.029902 0.016673 -0.151400
0.029962 0.999545 -0.003399 0.006134
-0.016564 0.003897 0.999855 0.017013
106
0.999285 -0.032091 0.019992 -0.152684
0.032210 0.999465 -0.005704 0.007112
-0.019798 0.006343 0.999784 0.016916
107
0.999264 -0.031075 0.022478 -0.154157
0.031228 0.999491 -0.006507 0.008241
-0.022264 0.007204 0.999726 0.016223
108
0.999343 -0.027537 0.023566 -0.155599
0.027658 0.999606 -0.004823 0.009067
-0.023424 0.005471 0.999711 0.015963
109
0.999342 -0.025499 0.025800 -0.157265
0.025574 0.999670 -0.002588 0.007252
-0.025725 0.003246 0.999664 0.018249
110
0.999223 -0.028027 0.027726 -0.158600
0.028078 0.999605 -0.001478 0.008139
-0.027673 0.002255 0.999614 0.018160
111
0.999185 -0.027371 0.029663 -0.160532
0.027388 0.999625 -0.000166 0.008685
-0.029648 0.000978 0.999560 0.017709
112
0.999197 -0.026173 0.030342 -0.161466
0.026180 0.999657 0.000182 0.010124
-0.030336 0.000612 0.999540 0.017053
113
0.999187 -0.026302 0.030554 -0.163665
0.026314 0.999654 -0.000010 0.009281
-0.030543 0.000814 0.999533 0.017334
114
0.999160 -0.027008 0.030829 -0.164935
0.027017 0.999635 0.000152 0.008130
-0.030822 0.000681 0.999525 0.016766
115
0.999104 -0.029079 0.030755 -0.166067
0.029078 0.999577 0.000503 0.007796
-0.030756 0.000392 0.999527 0.017406
116
0.999002 -0.031862 0.031292 -0.166942
0.031872 0.999492 0.000171 0.006417
-0.031282 0.000827 0.999510 0.018369
117
0.998973 -0.033267 0.030746 -0.168163
0.033325 0.999444 -0.001386 0.008641
-0.030683 0.002410 0.999526 0.016232
118
0.999009 -0.032462 0.030467 -0.170164
0.032612 0.999458 -0.004440 0.008633
-0.030306 0.005429 0.999526 0.017478
119
0.998947 -0.032769 0.032120 -0.171801
0.032992 0.999435 -0.006441 0.007216
-0.031890 0.007494 0.999463 0.018003
120
0.998969 -0.032109 0.032106 -0.173626
0.032391 0.999441 -0.008301 0.009220
-0.031822 0.009332 0.999450 0.017082
121
0.999046 -0.029547 0.032168 -0.175928
0.029776 0.999534 -0.006649 0.009145
-0.031957 0.007600 0.999460 0.017302
122
0.999132 -0.027849 0.030992 -0.177643
0.028115 0.999571 -0.008195 0.009751
-0.030750 0.009059 0.999486 0.016690
123
0.999134 -0.027267 0.031436 -0.179529
0.027641 0.999552 -0.011522 0.008609
-0.031107 0.012381 0.999439 0.018024
124
0.999088 -0.028420 0.031854 -0.181356
0.028786 0.999524 -0.011066 0.009455
-0.031524 0.011973 0.999431 0.017657
125
0.999119 -0.027648 0.031557 -0.183335
0.028015 0.999544 -0.011226 0.008882
-0.031232 0.012100 0.999439 0.018860
126
0.999165 -0.026238 0.031326 -0.185525
0.026615 0.999577 -0.011683 0.010096
-0.031007 0.012507 0.999441 0.017140
127
0.999232 -0.024092 0.030900 -0.187343
0.024515 0.999610 -0.013379 0.009682
-0.030566 0.014126 0.999433 0.017562
128
0.999238 -0.023550 0.031116 -0.189534
0.023990 0.999616 -0.013846 0.009557
-0.030778 0.014581 0.999420 0.018295
129
0.999206 -0.022923 0.032593 -0.191143
0.023340 0.999650 -0.012486 0.008588
-0.032295 0.013237 0.999391 0.019635
130
0.999167 -0.022454 0.034089 -0.193270
0.022905 0.999654 -0.012920 0.009711
-0.033787 0.013690 0.999335 0.019276
131
0.999165 -0.020303 0.035447 -0.195332
0.020697 0.999728 -0.010770 0.009864
-0.035219 0.011494 0.999314 0.019700
132
0.999178 -0.018411 0.036120 -0.197636
0.018819 0.999763 -0.010987 0.009517
-0.035909 0.011657 0.999287 0.019913
133
0.999189 -0.017348 0.036339 -0.199547
0.017801 0.999767 -0.012174 0.009686
-0.036119 0.012811 0.999265 0.019649
134
0.999137 -0.018397 0.037246 -0.201193
0.018842 0.999755 -0.011636 0.009146
-0.037023 0.012328 0.999238 0.020375
135
0.999179 -0.016865 0.036848 -0.202780
0.017325 0.999776 -0.012173 0.010778
-0.036635 0.012802 0.999247 0.019494
136
0.999267 -0.014349 0.035481 -0.203892
0.014889 0.999777 -0.014988 0.009945
-0.035258 0.015505 0.999258 0.019481
137
0.999314 -0.013571 0.034470 -0.202806
0.014206 0.999732 -0.018261 0.009170
-0.034213 0.018738 0.999239 0.020379
138
0.999282 -0.013639 0.035334 -0.204509
0.014248 0.999754 -0.017024 0.009904
-0.035094 0.017515 0.999231 0.020298
139
0.999288 -0.012005 0.035775 -0.205773
0.012562 0.999803 -0.015368 0.010041
-0.035583 0.015806 0.999242 0.020536
140
0.999244 -0.011612 0.037098 -0.207012
0.012318 0.999746 -0.018868 0.008891
-0.036869 0.019311 0.999133 0.021428
141
0.999160 -0.011189 0.039419 -0.208081
0.012005 0.999717 -0.020534 0.009057
-0.039178 0.020990 0.999012 0.021012
142
0.999074 -0.010206 0.041794 -0.210070
0.011141 0.999692 -0.022198 0.010892
-0.041554 0.022643 0.998880 0.020576
143
0.999044 -0.008119 0.042965 -0.211665
0.009037 0.999734 -0.021219 0.009894
-0.042782 0.021587 0.998851 0.020882
144
0.998978 -0.009048 0.044293 -0.213215
0.010060 0.999692 -0.022680 0.009721
-0.044074 0.023103 0.998761 0.020874
145
0.998932 -0.009435 0.045234 -0.215069
0.010508 0.999668 -0.023526 0.009919
-0.044997 0.023976 0.998699 0.020954
146
0.998965 -0.008743 0.044645 -0.216812
0.009812 0.999669 -0.023784 0.010463
-0.044422 0.024197 0.998720 0.020476
147
0.999017 -0.007094 0.043748 -0.218630
0.008138 0.999685 -0.023722 0.010905
-0.043566 0.024055 0.998761 0.020845
148
0.999008 -0.007407 0.043911 -0.220211
0.008507 0.999654 -0.024898 0.009516
-0.043711 0.025247 0.998725 0.021146
149
0.998990 -0.008768 0.044072 -0.222106
0.009746 0.999710 -0.022036 0.010783
-0.043866 0.022443 0.998785 0.020716
150
0.999028 -0.009171 0.043107 -0.224137
0.010140 0.999699 -0.022331 0.009907
-0.042889 0.022746 0.998821 0.021908
151
0.999015 -0.009159 0.043429 -0.226532
0.010161 0.999686 -0.022911 0.012142
-0.043205 0.023329 0.998794 0.021168
152
0.999004 -0.008008 0.043895 -0.229313
0.008994 0.999710 -0.022317 0.010005
-0.043703 0.022690 0.998787 0.023163
153
0.998917 -0.009204 0.045611 -0.231453
0.010276 0.999675 -0.023341 0.010707
-0.045382 0.023785 0.998687 0.022421
154
0.998885 -0.008446 0.046453 -0.234315
0.009595 0.999652 -0.024578 0.010925
-0.046229 0.024996 0.998618 0.022572
155
0.998830 -0.008776 0.047556 -0.237339
0.009992 0.999628 -0.025396 0.011277
-0.047315 0.025841 0.998546 0.022475
156
0.998830 -0.008757 0.047552 -0.239719
0.009977 0.999626 -0.025464 0.012174
-0.047311 0.025909 0.998544 0.021443
157
0.998867 -0.008273 0.046861 -0.242711
0.009422 0.999659 -0.024353 0.010439
-0.046643 0.024767 0.998605 0.023308
158
0.998770 -0.009679 0.048629 -0.244565
0.010910 0.999625 -0.025119 0.012077
-0.048368 0.025619 0.998501 0.022528
159
0.998732 -0.010143 0.049313 -0.247305
0.011305 0.999663 -0.023358 0.011123
-0.049059 0.023886 0.998510 0.023686
160
0.998665 -0.012325 0.050153 -0.250372
0.013459 0.999660 -0.022337 0.011067
-0.049861 0.022982 0.998492 0.024222
161
0.998616 -0.012953 0.050974 -0.253279
0.014244 0.999585 -0.025033 0.012313
-0.050628 0.025725 0.998386 0.023578
162
0.998615 -0.013530 0.050834 -0.256908
0.014912 0.999527 -0.026912 0.011630
-0.050445 0.027633 0.998344 0.023519
163
0.998613 -0.014265 0.050675 -0.259822
0.015829 0.999406 -0.030610 0.011850
-0.050209 0.031370 0.998246 0.024420
164
0.998552 -0.013945 0.051959 -0.263872
0.015682 0.999327 -0.033173 0.011818
-0.051461 0.033940 0.998098 0.024897
165
0.998449 -0.015062 0.053593 -0.267127
0.017027 0.999192 -0.036406 0.012155
-0.053001 0.037262 0.997899 0.024993
166
0.998447 -0.014497 0.053794 -0.271273
0.016471 0.999200 -0.036430 0.013202
-0.053222 0.037259 0.997887 0.024692
167
0.998498 -0.014608 0.052805 -0.274457
0.016439 0.999273 -0.034396 0.014194
-0.052264 0.035213 0.998012 0.023501
168
0.998542 -0.014990 0.051851 -0.277194
0.016755 0.999289 -0.033777 0.012382
-0.051308 0.034596 0.998083 0.024487
169
0.998558 -0.016610 0.051045 -0.280443
0.018184 0.999368 -0.030531 0.012184
-0.050506 0.031415 0.998230 0.025642
170
0.998524 -0.017883 0.051292 -0.283072
0.019313 0.999435 -0.027521 0.014599
-0.050771 0.028471 0.998304 0.025294
171
0.998478 -0.018503 0.051954 -0.285513
0.019936 0.999431 -0.027196 0.012093
-0.051422 0.028190 0.998279 0.027149
172
0.998383 -0.019177 0.053512 -0.288678
0.020624 0.999433 -0.026618 0.012868
-0.052971 0.027678 0.998212 0.027380
173
0.998258 -0.020685 0.055259 -0.291014
0.022266 0.999355 -0.028160 0.013087
-0.054641 0.029341 0.998075 0.027171
174
0.998165 -0.022234 0.056317 -0.292827
0.023778 0.999355 -0.026892 0.012902
-0.055683 0.028182 0.998051 0.027205
175
0.998060 -0.023188 0.057773 -0.295991
0.024638 0.999396 -0.024502 0.013541
-0.057170 0.025878 0.998029 0.027393
176
0.997968 -0.023494 0.059228 -0.299121
0.025098 0.999334 -0.026496 0.014620
-0.058566 0.027929 0.997893 0.027038
177
0.997902 -0.022811 0.060583 -0.301876
0.024526 0.999315 -0.027727 0.014207
-0.059909 0.029154 0.997778 0.027379
178
0.997761 -0.023762 0.062512 -0.304806
0.025514 0.999300 -0.027377 0.013626
-0.061817 0.028910 0.997669 0.028310
179
0.997681 -0.023620 0.063828 -0.308521
0.025539 0.999241 -0.029427 0.015023
-0.063084 0.030989 0.997527 0.027780
180
0.997697 -0.022999 0.063805 -0.310943
0.024926 0.999252 -0.029561 0.016745
-0.063078 0.031084 0.997524 0.026375
181
0.997767 -0.023041 0.062684 -0.313881
0.024979 0.999228 -0.030314 0.015527
-0.061937 0.031812 0.997573 0.026177
182
0.997903 -0.022732 0.060607 -0.316267
0.024655 0.999210 -0.031176 0.014830
-0.059850 0.032605 0.997675 0.026063
183
0.997964 -0.023855 0.059147 -0.318122
0.025763 0.999165 -0.031699 0.014604
-0.058341 0.033159 0.997746 0.027312
184
0.998032 -0.022775 0.058421 -0.320417
0.024661 0.999191 -0.031772 0.015819
-0.057651 0.033150 0.997786 0.027379
185
0.998089 -0.021284 0.058012 -0.322823
0.023168 0.999219 -0.032011 0.015476
-0.057285 0.033294 0.997803 0.027533
186
0.998097 -0.021343 0.057854 -0.325228
0.023066 0.999305 -0.029289 0.014030
-0.057189 0.030568 0.997895 0.028871
187
0.998037 -0.021741 0.058740 -0.326414
0.023548 0.999265 -0.030249 0.014298
-0.058039 0.031573 0.997815 0.030097
188
0.997956 -0.022734 0.059729 -0.328463
0.024480 0.999289 -0.028659 0.015454
-0.059035 0.030062 0.997803 0.029014
189
0.997970 -0.022117 0.059719 -0.331081
0.023934 0.999267 -0.029886 0.015961
-0.059014 0.031254 0.997768 0.029393
190
0.997962 -0.021235 0.060177 -0.333343
0.022968 0.999337 -0.028250 0.016091
-0.059537 0.029574 0.997788 0.029504
191
0.997868 -0.022116 0.061403 -0.335921
0.023821 0.999347 -0.027175 0.015743
-0.060762 0.028580 0.997743 0.030462
192
0.997847 -0.021032 0.062125 -0.337990
0.022768 0.999366 -0.027370 0.016736
-0.061510 0.028725 0.997693 0.029981
193
0.997818 -0.019666 0.063035 -0.340361
0.021621 0.999301 -0.030483 0.015432
-0.062391 0.031779 0.997546 0.030621
194
0.997694 -0.021584 0.064347 -0.342684
0.023600 0.999248 -0.030750 0.016060
-0.063635 0.032197 0.997454 0.030368
195
0.997648 -0.021336 0.065143 -0.345306
0.023329 0.999278 -0.029999 0.016016
-0.064456 0.031448 0.997425 0.030906
196
0.997625 -0.021020 0.065592 -0.347910
0.023042 0.999278 -0.030224 0.017883
-0.064909 0.031663 0.997389 0.028474
197
0.997788 -0.019631 0.063512 -0.350217
0.021665 0.999269 -0.031502 0.016201
-0.062847 0.032808 0.997484 0.029111
198
0.997903 -0.020878 0.061268 -0.351837
0.022790 0.999269 -0.030682 0.016376
-0.060582 0.032014 0.997650 0.029439
199
0.997917 -0.023003 0.060271 -0.353720
0.024913 0.999205 -0.031135 0.016351
-0.059507 0.032572 0.997696 0.030743
200
0.997880 -0.022906 0.060914 -0.355839
0.024909 0.999167 -0.032336 0.017222
-0.060123 0.033785 0.997619 0.030129
201
0.997891 -0.022340 0.060946 -0.358203
0.024222 0.999247 -0.030313 0.017099
-0.060223 0.031725 0.997681 0.031111
202
0.997786 -0.023964 0.062038 -0.360596
0.025654 0.999317 -0.026589 0.016907
-0.061359 0.028121 0.997720 0.031844
203
0.997739 -0.023785 0.062865 -0.362684
0.025470 0.999334 -0.026132 0.016965
-0.062202 0.027674 0.997680 0.031737
204
0.997824 -0.023026 0.061789 -0.364469
0.024606 0.999387 -0.024918 0.019590
-0.061177 0.026384 0.997778 0.030042
205
0.997836 -0.021456 0.062145 -0.366871
0.023027 0.999431 -0.024660 0.017505
-0.061580 0.026038 0.997762 0.030162
206
0.997883 -0.020230 0.061808 -0.367538
0.021982 0.999372 -0.027801 0.017497
-0.061207 0.029100 0.997701 0.029725
207
0.997827 -0.019934 0.062802 -0.367912
0.021598 0.999430 -0.025929 0.016834
-0.062250 0.027229 0.997689 0.029767
208
0.998053 -0.018787 0.059472 -0.368394
0.020318 0.999475 -0.025246 0.017683
-0.058966 0.026405 0.997911 0.031435
209
0.998089 -0.017270 0.059334 -0.368946
0.018639 0.999571 -0.022607 0.017371
-0.058918 0.023670 0.997982 0.032371
210
0.998046 -0.017130 0.060092 -0.369333
0.018478 0.999588 -0.021960 0.016214
-0.059691 0.023027 0.997951 0.032934
211
0.997930 -0.019497 0.061289 -0.368714
0.020892 0.999535 -0.022199 0.016833
-0.060828 0.023434 0.997873 0.033273
212
0.997850 -0.020663 0.062193 -0.368851
0.022133 0.999490 -0.023028 0.017243
-0.061686 0.024355 0.997798 0.031784
213
0.997946 -0.021037 0.060510 -0.368659
0.022418 0.999501 -0.022245 0.017218
-0.060012 0.023556 0.997920 0.031620
214
0.997972 -0.022042 0.059716 -0.368561
0.023540 0.999423 -0.024501 0.017141
-0.059141 0.025857 0.997915 0.031645
215
0.997999 -0.021635 0.059409 -0.368593
0.023071 0.999456 -0.023586 0.017765
-0.058867 0.024910 0.997955 0.032020
216
0.997946 -0.022469 0.059988 -0.368340
0.023782 0.999491 -0.021261 0.017176
-0.059480 0.022644 0.997973 0.031897
217
0.998003 -0.022134 0.059167 -0.368583
0.023373 0.999520 -0.020327 0.017818
-0.058689 0.021669 0.998041 0.031317
218
0.998084 -0.021776 0.057907 -0.368570
0.022833 0.999584 -0.017642 0.016754
-0.057498 0.018931 0.998166 0.033103
219
0.998125 -0.022165 0.057054 -0.368751
0.023181 0.999583 -0.017210 0.018199
-0.056649 0.018500 0.998223 0.031931
220
0.998258 -0.019761 0.055585 -0.368473
0.020853 0.999600 -0.019129 0.017860
-0.055185 0.020255 0.998271 0.031655
221
0.998385 -0.019598 0.053319 -0.368615
0.020665 0.999596 -0.019535 0.017735
-0.052914 0.020606 0.998386 0.030723
222
0.998500 -0.018210 0.051641 -0.368686
0.019419 0.999547 -0.023002 0.017920
-0.051199 0.023970 0.998401 0.030949
223
0.998598 -0.018619 0.049543 -0.368924
0.019817 0.999520 -0.023804 0.017250
-0.049076 0.024752 0.998488 0.030194
224
0.998702 -0.018483 0.047458 -0.368746
0.019632 0.999522 -0.023873 0.014525
-0.046994 0.024773 0.998588 0.029777
225
0.998760 -0.018966 0.046021 -0.368086
0.020119 0.999492 -0.024711 0.016979
-0.045529 0.025606 0.998635 0.030002
226
0.998850 -0.019806 0.043660 -0.367901
0.020854 0.999502 -0.023666 0.017329
-0.043170 0.024549 0.998766 0.030369
227
0.998933 -0.018524 0.042300 -0.368318
0.019590 0.999497 -0.024932 0.018075
-0.041817 0.025734 0.998794 0.029674
228
0.999006 -0.018398 0.040593 -0.368123
0.019287 0.999580 -0.021623 0.017241
-0.040179 0.022385 0.998942 0.030527
229
0.999039 -0.019315 0.039332 -0.368288
0.020110 0.999600 -0.019904 0.017833
-0.038932 0.020676 0.999028 0.030274
230
0.999144 -0.017351 0.037553 -0.368534
0.018134 0.999623 -0.020611 0.018133
-0.037181 0.021274 0.999082 0.029992
231
0.999158 -0.017963 0.036883 -0.367871
0.018751 0.999600 -0.021154 0.017626
-0.036488 0.021828 0.999096 0.030136
232
0.999174 -0.019289 0.035778 -0.368364
0.020004 0.999605 -0.019734 0.017140
-0.035383 0.020433 0.999165 0.030224
233
0.999263 -0.019880 0.032848 -0.367901
0.020427 0.999657 -0.016416 0.017173
-0.032511 0.017075 0.999326 0.029947
234
0.999360 -0.019882 0.029720 -0.368116
0.020292 0.999702 -0.013556 0.018331
-0.029442 0.014150 0.999466 0.030333
235
0.999434 -0.017857 0.028521 -0.368447
0.018279 0.999727 -0.014587 0.017215
-0.028253 0.015100 0.999487 0.031311
236
0.999409 -0.018938 0.028679 -0.369130
0.019396 0.999687 -0.015784 0.018462
-0.028371 0.016331 0.999464 0.030654
237
0.999472 -0.017045 0.027671 -0.369365
0.017402 0.999768 -0.012700 0.017849
-0.027449 0.013175 0.999536 0.031135
238
0.999494 -0.016849 0.026988 -0.369267
0.017256 0.999740 -0.014915 0.017829
-0.026730 0.015373 0.999524 0.031317
239
0.999488 -0.016859 0.027178 -0.369520
0.017308 0.999716 -0.016375 0.017626
-0.026895 0.016837 0.999496 0.031240
240
0.999467 -0.017880 0.027305 -0.370112
0.018307 0.999713 -0.015477 0.017479
-0.027021 0.015968 0.999507 0.031715
241
0.999449 -0.018007 0.027880 -0.370617
0.018363 0.999752 -0.012582 0.017756
-0.027647 0.013087 0.999532 0.031964
242
0.999421 -0.017496 0.029181 -0.370761
0.017877 0.999758 -0.012831 0.016954
-0.028950 0.013345 0.999492 0.032694
243
0.999404 -0.019585 0.028411 -0.371900
0.019904 0.999742 -0.010988 0.017353
-0.028189 0.011547 0.999536 0.031902
244
0.999388 -0.020079 0.028632 -0.372653
0.020411 0.999727 -0.011371 0.014835
-0.028395 0.011948 0.999525 0.034494
245
0.999377 -0.020144 0.028994 -0.374276
0.020432 0.999744 -0.009686 0.017740
-0.028792 0.010273 0.999533 0.035235
246
0.999401 -0.019891 0.028309 -0.377124
0.020194 0.999741 -0.010477 0.018653
-0.028093 0.011042 0.999544 0.034932
247
0.999409 -0.018394 0.029054 -0.380114
0.018731 0.999760 -0.011371 0.018555
-0.028838 0.011908 0.999513 0.032597
248
0.999465 -0.018323 0.027110 -0.382208
0.018664 0.999749 -0.012361 0.018643
-0.026877 0.012860 0.999556 0.032514
249
0.999533 -0.016822 0.025521 -0.384116
0.017215 0.999736 -0.015244 0.018633
-0.025258 0.015676 0.999558 0.033603
250
0.999558 -0.016729 0.024564 -0.385244
0.017135 0.999719 -0.016378 0.019633
-0.024283 0.016792 0.999564 0.032869
251
0.999606 -0.015101 0.023671 -0.386518
0.015551 0.999699 -0.018974 0.018742
-0.023377 0.019335 0.999540 0.033091
252
0.999629 -0.014659 0.022961 -0.386772
0.015072 0.999725 -0.017954 0.019022
-0.022692 0.018294 0.999575 0.033154
253
0.999611 -0.014928 0.023553 -0.388045
0.015359 0.999716 -0.018234 0.017731
-0.023274 0.018588 0.999556 0.034469
254
0.999537 -0.016800 0.025372 -0.389157
0.017180 0.999742 -0.014841 0.018621
-0.025116 0.015270 0.999568 0.034060
255
0.999505 -0.016959 0.026487 -0.390550
0.017267 0.999786 -0.011433 0.018726
-0.026288 0.011884 0.999584 0.034357
256
0.999452 -0.017248 0.028245 -0.392266
0.017588 0.999775 -0.011823 0.018193
-0.028035 0.012313 0.999531 0.035017
257
0.999369 -0.018535 0.030306 -0.394396
0.018902 0.999751 -0.011887 0.018760
-0.030078 0.012453 0.999470 0.034700
258
0.999297 -0.019671 0.031913 -0.395291
0.020038 0.999736 -0.011212 0.018496
-0.031685 0.011844 0.999428 0.035192
259
0.999241 -0.020406 0.033193 -0.396955
0.020808 0.999714 -0.011820 0.018138
-0.032942 0.012502 0.999379 0.035810
260
0.999119 -0.023195 0.034980 -0.398439
0.023654 0.999639 -0.012778 0.018589
-0.034671 0.013594 0.999306 0.035085
261
0.999073 -0.023970 0.035763 -0.400465
0.024318 0.999661 -0.009330 0.019317
-0.035527 0.010191 0.999317 0.036170
262
0.998948 -0.025077 0.038384 -0.402199
0.025475 0.999626 -0.009916 0.018749
-0.038121 0.010883 0.999214 0.036285
263
0.998903 -0.024348 0.040003 -0.403820
0.024759 0.999645 -0.009811 0.019988
-0.039750 0.010791 0.999151 0.035640
264
0.998942 -0.022155 0.040310 -0.405994
0.022587 0.999692 -0.010298 0.019814
-0.040070 0.011198 0.999134 0.035885
265
0.998998 -0.020079 0.039992 -0.407655
0.020581 0.999714 -0.012184 0.019880
-0.039736 0.012995 0.999126 0.035779
266
0.999025 -0.019429 0.039644 -0.408785
0.019845 0.999752 -0.010128 0.019893
-0.039437 0.010904 0.999163 0.035882
267
0.999069 -0.018882 0.038781 -0.410317
0.019305 0.999758 -0.010568 0.019531
-0.038572 0.011307 0.999192 0.035964
268
0.999109 -0.018966 0.037695 -0.411154
0.019302 0.999777 -0.008546 0.019375
-0.037524 0.009266 0.999253 0.036618
269
0.999077 -0.020231 0.037891 -0.412287
0.020488 0.999769 -0.006419 0.019622
-0.037753 0.007189 0.999261 0.037030
270
0.999042 -0.020212 0.038803 -0.413611
0.020520 0.999761 -0.007553 0.019668
-0.038641 0.008342 0.999218 0.037163
271
