79
1440
6884

64 407
-0.826351 0.073014 0.558403 3.355594
0.033278 0.996158 -0.081006 -0.177949
-0.562172 -0.048357 -0.825606 -0.082948
0 0
1.000000 0.000000 0.000000 -0.000000
0.000000 1.000000 0.000000 -0.000000
0.000000 0.000000 1.000000 -0.000000
75 524
0.867863 0.059337 0.493247 7.596069
-0.062885 0.997976 -0.009411 -0.371844
-0.492807 -0.022850 0.869838 -0.556246
11 58
0.993093 0.030772 -0.113227 0.297284
-0.031940 0.999453 -0.008519 -0.018352
0.112903 0.012076 0.993533 0.413988
67 434
-0.317505 0.081925 0.944711 4.160417
-0.006715 0.996042 -0.088634 -0.230679
-0.948233 -0.034485 -0.315698 -0.728126
3 23
0.999530 0.001856 -0.030586 0.023636
-0.001752 0.999993 0.003424 0.000736
0.030592 -0.003369 0.999526 0.027036
76 540
0.987711 0.047195 0.148993 7.892304
-0.048647 0.998797 0.006112 -0.393184
-0.148525 -0.013285 0.988819 -0.050597
12 62
0.992203 0.027245 -0.121621 0.305658
-0.028434 0.999563 -0.008050 -0.011174
0.121349 0.011445 0.992544 0.475645
68 444
-0.160392 0.093369 0.982627 4.562689
-0.008245 0.995355 -0.095924 -0.257803
-0.987019 -0.023487 -0.158877 -0.844659
4 25
0.999471 0.002396 -0.032449 0.031509
-0.002326 0.999995 0.002195 0.001198
0.032454 -0.002119 0.999471 0.035071
70 465
0.074716 0.079847 0.994003 5.474819
0.003527 0.996762 -0.080334 -0.304037
-0.997199 0.009508 0.074193 -1.090564
6 33
0.998581 0.004364 -0.053066 0.090119
-0.004682 0.999972 -0.005865 0.003861
0.053039 0.006105 0.998574 0.102290
13 66
0.991858 0.023046 -0.125245 0.310621
-0.024239 0.999674 -0.008009 -0.004270
0.125020 0.010979 0.992094 0.555245
78 583
0.996970 0.003789 -0.077698 8.311025
-0.004239 0.999975 -0.005629 -0.353934
0.077674 0.005941 0.996961 1.572965
14 70
0.991576 0.015556 -0.128588 0.313987
-0.017375 0.999764 -0.013038 -0.000886
0.128355 0.015163 0.991612 0.642526
80 625
0.997169 0.010763 -0.074413 8.727843
-0.012116 0.999769 -0.017754 -0.335259
0.074205 0.018605 0.997069 3.279044
16 78
0.990641 0.004292 -0.136427 0.313813
-0.007038 0.999782 -0.019649 -0.000147
0.136313 0.020425 0.990455 0.827692
83 667
0.991155 0.020912 -0.131048 9.095793
-0.018197 0.999595 0.021881 -0.315436
0.131452 -0.019303 0.991135 5.005814
19 90
0.990063 -0.003782 -0.140576 0.367917
0.001787 0.999896 -0.014314 0.010505
0.140616 0.013921 0.989966 1.062519
84 677
0.971587 0.043827 -0.232588 9.143949
-0.037401 0.998789 0.031968 -0.288851
0.233707 -0.022360 0.972050 5.394231
20 94
0.988918 -0.003959 -0.148408 0.406723
0.001819 0.999892 -0.014557 0.013010
0.148450 0.014125 0.988819 1.139220
85 689
0.887436 0.047680 -0.458459 9.064406
-0.036931 0.998793 0.032387 -0.290031
0.459450 -0.011810 0.888125 5.819217
21 98
0.987069 -0.001235 -0.160294 0.452241
-0.002466 0.999735 -0.022888 0.013387
0.160280 0.022987 0.986804 1.230145
90 751
0.201493 -0.018884 -0.979308 7.029660
0.049658 0.998725 -0.009042 -0.127600
0.978230 -0.046809 0.202174 6.985517
26 127
0.991079 0.010594 -0.132855 0.509967
-0.015195 0.999318 -0.033666 0.017415
0.132408 0.035385 0.990564 1.875972
91 766
0.196454 -0.028407 -0.980102 6.448799
0.044326 0.998816 -0.020064 -0.110578
0.979511 -0.039502 0.197480 7.271921
27 131
0.996432 0.004340 -0.084291 0.488973
-0.008101 0.998984 -0.044331 0.015030
0.084013 0.044855 0.995455 1.967260
92 780
0.190760 -0.022325 -0.981383 5.882989
0.057466 0.998281 -0.011539 -0.086268
0.979953 -0.054195 0.191715 7.470367
28 135
0.999616 0.001108 -0.027697 0.478303
-0.002416 0.998881 -0.047233 0.014216
0.027614 0.047282 0.998500 2.053054
29 139
0.999213 -0.003629 0.039488 0.484929
0.005345 0.999042 -0.043435 0.019458
-0.039293 0.043612 0.998276 2.131323
31 149
0.973033 -0.001563 0.230662 0.570846
0.010117 0.999304 -0.035906 0.034693
-0.230445 0.037272 0.972371 2.292556
34 165
0.882787 0.019493 0.469368 0.838643
-0.004453 0.999441 -0.033131 0.016994
-0.469752 0.027157 0.882381 2.506315
36 176
0.791944 0.028519 0.609927 0.988355
-0.009071 0.999348 -0.034949 0.011536
-0.610526 0.022145 0.791686 2.666290
38 186
0.639099 0.052988 0.767297 1.039554
-0.003007 0.997788 -0.066401 0.007142
-0.769119 0.040130 0.637845 2.829706
39 192
0.544437 0.045299 0.837578 1.104651
0.013637 0.997931 -0.062836 0.013756
-0.838691 0.045632 0.542693 2.905589
40 201
0.418239 0.042963 0.907320 1.240200
0.020864 0.998163 -0.056882 0.013525
-0.908097 0.042721 0.416575 2.975645
44 231
0.341578 0.067299 0.937441 1.825925
-0.014330 0.997690 -0.066403 -0.013972
-0.939744 0.009248 0.341754 3.060059
45 237
0.327529 0.066333 0.942510 1.946428
-0.004323 0.997627 -0.068710 -0.016596
-0.944831 0.018429 0.327039 3.073166
46 243
0.301234 0.072265 0.950808 2.064325
0.001711 0.997082 -0.076324 -0.023001
-0.953549 0.024619 0.300231 3.101555
51 282
-0.150094 0.084322 0.985069 2.725686
0.010117 0.996435 -0.083753 -0.066413
-0.988620 -0.002604 -0.150412 2.906530
52 289
-0.299577 0.083495 0.950412 2.834578
0.013683 0.996437 -0.083226 -0.075424
-0.953974 -0.011928 -0.299652 2.852900
54 304
-0.604209 0.119429 0.787825 3.132312
0.059367 0.992703 -0.104956 -0.095266
-0.794611 -0.016644 -0.606890 2.733486
55 320
-0.822277 0.114263 0.557498 3.258007
0.087481 0.993371 -0.074568 -0.093929
-0.562323 -0.012545 -0.826822 2.479027
57 344
-0.955454 0.094891 0.279469 3.232155
0.079815 0.994697 -0.064864 -0.111179
-0.284142 -0.039669 -0.957961 1.838034
58 351
-0.968942 0.100848 0.225788 3.260320
0.086476 0.993599 -0.072690 -0.130035
-0.231673 -0.050907 -0.971461 1.611743
59 363
-0.981189 0.107066 0.160641 3.241917
0.097442 0.993006 -0.066663 -0.137437
-0.166654 -0.049756 -0.984759 1.267609
61 383
-0.974810 0.067250 0.212656 3.129403
0.053313 0.996078 -0.070615 -0.158505
-0.216571 -0.057499 -0.974572 0.645808
62 390
-0.954317 0.071714 0.290064 3.164130
0.051727 0.995765 -0.076003 -0.147024
-0.294286 -0.057527 -0.953985 0.420527
63 398
-0.915424 0.069186 0.396500 3.251137
0.036430 0.995314 -0.089565 -0.172198
-0.400839 -0.067546 -0.913655 0.183769
65 416
-0.683381 0.066845 0.726995 3.529245
0.011701 0.996674 -0.080642 -0.191555
-0.729968 -0.046603 -0.681891 -0.376953
66 425
-0.501243 0.057923 0.863365 3.803923
-0.005383 0.997529 -0.070049 -0.218173
-0.865290 -0.039759 -0.499693 -0.594361
69 453
-0.055640 0.091685 0.994232 4.971210
0.005771 0.995788 -0.091506 -0.272312
-0.998434 0.000646 -0.055935 -0.999058
71 479
0.230325 0.067626 0.970761 6.054903
-0.013946 0.997709 -0.066195 -0.340011
-0.973014 0.001708 0.230741 -1.101902
72 489
0.319693 0.072054 0.944777 6.451020
-0.041127 0.997220 -0.062138 -0.348775
-0.946628 -0.018991 0.321768 -1.158244
73 500
0.474680 0.066760 0.877623 6.873661
-0.057948 0.997326 -0.044524 -0.374276
-0.878249 -0.029722 0.477280 -1.090265
74 510
0.654757 0.084470 0.751105 7.183836
-0.071064 0.996213 -0.050087 -0.376300
-0.752491 -0.020582 0.658281 -0.901767
79 605
0.998799 0.005367 -0.048711 8.544328
-0.005895 0.999925 -0.010709 -0.350153
0.048650 0.010983 0.998756 2.421257
81 642
0.997879 0.010268 -0.064280 8.949427
-0.011532 0.999746 -0.019338 -0.318442
0.064065 0.020038 0.997745 3.989353
82 653
0.997332 0.014594 -0.071528 9.057145
-0.014319 0.999888 0.004355 -0.321365
0.071583 -0.003319 0.997429 4.460521
86 700
0.727482 0.032315 -0.685365 8.813586
-0.024667 0.999476 0.020943 -0.270725
0.685683 0.001670 0.727898 6.105958
87 713
0.514513 0.033141 -0.856842 8.472682
-0.000146 0.999256 0.038562 -0.218297
0.857482 -0.019715 0.514136 6.410157
88 725
0.332542 0.021016 -0.942854 8.050364
0.022639 0.999286 0.030258 -0.215724
0.942817 -0.031407 0.331829 6.648542
93 791
0.177062 -0.033006 -0.983646 5.465991
0.053555 0.998280 -0.023857 -0.047426
0.982742 -0.048455 0.178525 7.683232
94 802
0.109500 -0.018567 -0.993813 5.039114
0.055107 0.998401 -0.012581 -0.025794
0.992458 -0.053389 0.110348 7.838519
95 813
0.009635 -0.005819 -0.999937 4.611894
0.050247 0.998723 -0.005328 -0.001375
0.998690 -0.050193 0.009915 7.906227
96 823
-0.113575 0.007107 -0.993504 4.250453
0.040360 0.999182 0.002534 0.041303
0.992709 -0.039810 -0.113769 8.009893
97 834
-0.321451 0.029010 -0.946482 3.851900
0.039355 0.999076 0.017256 0.029973
0.946108 -0.031702 -0.322296 8.039482
98 845
-0.591311 0.039978 -0.805452 3.539712
0.069360 0.997591 -0.001406 0.051450
0.803456 -0.056698 -0.592659 7.838486
99 857
-0.817397 0.061928 -0.572736 3.277575
0.087556 0.996010 -0.017263 0.053531
0.569382 -0.064257 -0.819558 7.530485
100 869
-0.937664 0.049063 -0.344062 3.043022
0.066519 0.997018 -0.039109 0.041008
0.341117 -0.059557 -0.938132 7.198021
101 898
-0.996201 0.073887 -0.046096 2.802633
0.076928 0.994708 -0.068097 0.053576
0.040820 -0.071384 -0.996613 6.194531
102 930
-0.984010 0.091520 0.152799 2.675201
0.080349 0.993729 -0.077763 0.010242
-0.158958 -0.064242 -0.985193 5.239885
103 973
-0.614253 0.107577 0.781742 3.140920
0.044915 0.993824 -0.101470 -0.045120
-0.787830 -0.027216 -0.615291 4.213243
104 1212
0.707738 0.082757 0.701611 7.349151
-0.076785 0.996243 -0.040055 -0.383806
-0.702290 -0.025525 0.711434 -1.010406
105 1273
0.929920 0.030225 -0.366517 8.022420
-0.027306 0.999541 0.013146 -0.366588
0.366746 -0.002217 0.930318 0.950078
106 1311
0.334413 0.030236 -0.941942 7.245023
0.018370 0.999086 0.038592 -0.303242
0.942248 -0.030209 0.333552 2.111398
107 1348
-0.007566 -0.025689 -0.999641 5.909681
0.041029 0.998820 -0.025979 -0.219510
0.999129 -0.041211 -0.006503 2.788162
108 1394
0.166107 -0.011321 -0.986043 4.158962
0.067397 0.997726 -0.000101 -0.090462
0.983802 -0.066440 0.166492 3.199343
109 1424
0.658740 -0.059160 -0.750041 3.447718
0.059287 0.997885 -0.026638 -0.075555
0.750031 -0.026920 0.660854 3.525441

0
0.000000 0.000000 0.000000 -nan
0.000000 0.000000 0.000000 -nan
-nan 0.000000 0.000000 -nan
1
0.000000 0.000000 0.000000 -nan
0.000000 0.000000 0.000000 -nan
-nan 0.000000 0.000000 -nan
2
0.000000 0.000000 0.000000 -nan
0.000000 0.000000 0.000000 -nan
-nan 0.000000 0.000000 -nan
3
0.000000 0.000000 0.000000 -nan
0.000000 0.000000 0.000000 -nan
-nan 0.000000 0.000000 -nan
4
0.000000 0.000000 0.000000 -nan
0.000000 0.000000 0.000000 -nan
-nan 0.000000 0.000000 -nan
5
0.000000 0.000000 0.000000 -nan
0.000000 0.000000 0.000000 -nan
-nan 0.000000 0.000000 -nan
6
0.000000 0.000000 0.000000 -nan
0.000000 0.000000 0.000000 -nan
-nan 0.000000 0.000000 -nan
7
0.000000 0.000000 0.000000 -nan
0.000000 0.000000 0.000000 -nan
-nan 0.000000 0.000000 -nan
8
0.000000 0.000000 0.000000 -nan
0.000000 0.000000 0.000000 -nan
-nan 0.000000 0.000000 -nan
9
0.000000 0.000000 0.000000 -nan
0.000000 0.000000 0.000000 -nan
-nan 0.000000 0.000000 -nan
10
0.000000 0.000000 0.000000 -nan
0.000000 0.000000 0.000000 -nan
-nan 0.000000 0.000000 -nan
11
0.000000 0.000000 0.000000 -nan
0.000000 0.000000 0.000000 -nan
-nan 0.000000 0.000000 -nan
12
0.999904 -0.002111 -0.013701 0.003766
0.002260 0.999939 0.010855 0.001155
0.013677 -0.010885 0.999847 0.029971
13
0.999900 -0.003692 -0.013626 0.004071
0.003849 0.999926 0.011521 0.000865
0.013582 -0.011573 0.999841 0.029966
14
0.999843 -0.004650 -0.017106 0.004828
0.004856 0.999916 0.012044 0.000604
0.017049 -0.012125 0.999781 0.030376
15
0.999780 -0.003849 -0.020630 0.005052
0.004086 0.999926 0.011465 0.000639
0.020584 -0.011547 0.999721 0.030179
16
0.999743 -0.002264 -0.022546 0.009065
0.002480 0.999951 0.009566 -0.000268
0.022524 -0.009620 0.999700 0.027585
17
0.999688 -0.001878 -0.024911 0.010046
0.002044 0.999976 0.006666 -0.000208
0.024897 -0.006715 0.999667 0.026505
18
0.999657 -0.002176 -0.026097 0.011395
0.002363 0.999972 0.007147 -0.000235
0.026080 -0.007206 0.999634 0.025945
19
0.999660 -0.001803 -0.026031 0.013251
0.001996 0.999971 0.007379 -0.000717
0.026017 -0.007428 0.999634 0.025108
20
0.999692 -0.001981 -0.024750 0.014709
0.002163 0.999971 0.007306 -0.000870
0.024735 -0.007357 0.999667 0.025695
21
0.999658 -0.000210 -0.026143 0.023280
0.000337 0.999988 0.004858 0.000412
0.026141 -0.004865 0.999646 0.031824
22
0.999649 -0.000110 -0.026479 0.028531
0.000267 0.999982 0.005918 0.000619
0.026478 -0.005923 0.999632 0.034221
23
0.999670 0.000553 -0.025694 0.033487
-0.000392 0.999980 0.006283 -0.000371
0.025697 -0.006271 0.999650 0.037213
24
0.999651 0.000215 -0.026427 0.039298
-0.000059 0.999983 0.005890 0.000261
0.026428 -0.005886 0.999633 0.042080
25
0.999548 0.001979 -0.030000 0.046409
-0.001865 0.999991 0.003812 0.000875
0.030008 -0.003755 0.999543 0.051120
26
0.999502 0.002128 -0.031475 0.053106
-0.002000 0.999990 0.004086 0.001567
0.031484 -0.004021 0.999496 0.059549
27
0.999328 0.003596 -0.036469 0.061944
-0.003482 0.999989 0.003197 0.001479
0.036480 -0.003068 0.999330 0.069507
28
0.999275 0.003520 -0.037913 0.071626
-0.003404 0.999989 0.003109 0.002328
0.037924 -0.002978 0.999276 0.079496
29
0.999183 0.003571 -0.040265 0.082835
-0.003499 0.999992 0.001854 0.003207
0.040271 -0.001712 0.999187 0.091509
30
0.999087 0.003705 -0.042562 0.093968
-0.003680 0.999993 0.000676 0.003951
0.042565 -0.000519 0.999094 0.105123
31
0.998897 0.003945 -0.046783 0.105247
-0.004044 0.999990 -0.002023 0.004691
0.046775 0.002210 0.998903 0.116180
32
0.998774 0.003925 -0.049349 0.116978
-0.004147 0.999982 -0.004388 0.005122
0.049331 0.004587 0.998772 0.130552
33
0.998578 0.004597 -0.053115 0.129950
-0.004878 0.999975 -0.005158 0.004870
0.053090 0.005410 0.998575 0.147078
34
0.998389 0.006242 -0.056404 0.143357
-0.006617 0.999957 -0.006450 0.002712
0.056361 0.006813 0.998387 0.163891
35
0.998193 0.006656 -0.059723 0.156319
-0.007159 0.999941 -0.008207 0.002093
0.059665 0.008620 0.998181 0.179522
36
0.997962 0.008498 -0.063240 0.166790
-0.009239 0.999892 -0.011431 0.001245
0.063136 0.011992 0.997933 0.193314
37
0.997780 0.010492 -0.065768 0.179081
-0.011406 0.999843 -0.013533 -0.000620
0.065615 0.014253 0.997743 0.210886
38
0.997572 0.013039 -0.068414 0.191826
-0.013893 0.999831 -0.012018 -0.003058
0.068246 0.012939 0.997585 0.229291
39
0.997339 0.016120 -0.071103 0.202224
-0.017046 0.999777 -0.012435 -0.004941
0.070887 0.013614 0.997391 0.240670
40
0.996947 0.019352 -0.075641 0.216534
-0.020508 0.999684 -0.014533 -0.007476
0.075336 0.016040 0.997029 0.256664
41
0.996658 0.021352 -0.078844 0.229416
-0.022740 0.999601 -0.016749 -0.009034
0.078455 0.018486 0.996746 0.271995
42
0.996326 0.023999 -0.082212 0.243681
-0.025570 0.999509 -0.018107 -0.012261
0.081737 0.020143 0.996450 0.287591
43
0.996000 0.025563 -0.085623 0.257645
-0.027225 0.999462 -0.018303 -0.014915
0.085109 0.020561 0.996159 0.303987
44
0.995721 0.026816 -0.088435 0.267747
-0.028644 0.999400 -0.019471 -0.017981
0.087859 0.021921 0.995892 0.315482
45
0.995426 0.027510 -0.091487 0.282878
-0.029505 0.999354 -0.020525 -0.022529
0.090863 0.023130 0.995595 0.332132
46
0.995158 0.028082 -0.094193 0.295995
-0.030128 0.999339 -0.020362 -0.023593
0.093559 0.023101 0.995346 0.348049
47
0.994935 0.028776 -0.096313 0.309255
-0.030930 0.999302 -0.020948 -0.024038
0.095643 0.023821 0.995131 0.362249
48
0.994765 0.028363 -0.098173 0.320878
-0.030766 0.999261 -0.023041 -0.023065
0.097447 0.025941 0.994903 0.377835
49
0.994614 0.028846 -0.099549 0.327021
-0.031362 0.999225 -0.023800 -0.023991
0.098786 0.026794 0.994748 0.389217
50
0.994592 0.028654 -0.099824 0.335580
-0.030933 0.999293 -0.021354 -0.024059
0.099142 0.024326 0.994776 0.406879
51
0.994434 0.029138 -0.101255 0.346700
-0.031149 0.999347 -0.018330 -0.026598
0.100655 0.021382 0.994692 0.426579
52
0.994227 0.028595 -0.103413 0.356589
-0.030434 0.999405 -0.016255 -0.026175
0.102887 0.019308 0.994506 0.444397
53
0.994061 0.029329 -0.104799 0.364396
-0.031087 0.999401 -0.015180 -0.024846
0.104291 0.018348 0.994378 0.461155
54
0.993800 0.029783 -0.107121 0.372404
-0.031418 0.999414 -0.013608 -0.025166
0.106653 0.016889 0.994153 0.479616
55
0.993600 0.030584 -0.108735 0.379238
-0.032085 0.999412 -0.012085 -0.024784
0.108302 0.015497 0.993997 0.498163
56
0.993450 0.031203 -0.109927 0.385582
-0.032622 0.999406 -0.011136 -0.025214
0.109514 0.014649 0.993877 0.515340
57
0.993302 0.030523 -0.111440 0.391690
-0.031749 0.999453 -0.009242 -0.025197
0.111097 0.012718 0.993728 0.535442
58
0.993176 0.030489 -0.112569 0.397096
-0.031614 0.999466 -0.008226 -0.024544
0.112258 0.011729 0.993610 0.554134
59
0.993014 0.030036 -0.114112 0.400553
-0.031163 0.999481 -0.008110 -0.023229
0.113810 0.011609 0.993435 0.572114
60
0.992848 0.029619 -0.115652 0.404493
-0.030685 0.999501 -0.007448 -0.020389
0.115374 0.010943 0.993262 0.591958
61
0.992565 0.027347 -0.118605 0.403517
-0.028504 0.999561 -0.008072 -0.016887
0.118332 0.011393 0.992909 0.608858
62
0.992359 0.027167 -0.120353 0.406369
-0.028351 0.999565 -0.008136 -0.014651
0.120079 0.011486 0.992698 0.630994
63
0.992278 0.026395 -0.121193 0.407729
-0.027608 0.999584 -0.008338 -0.010692
0.120922 0.011619 0.992594 0.655245
64
0.992131 0.025434 -0.122591 0.409297
-0.026608 0.999614 -0.007949 -0.008322
0.122342 0.011148 0.992425 0.681241
65
0.992214 0.023909 -0.122226 0.405149
-0.025090 0.999652 -0.008136 -0.006524
0.121989 0.011139 0.992469 0.700401
66
0.992072 0.022770 -0.123588 0.407202
-0.023972 0.999679 -0.008250 -0.005413
0.123361 0.011147 0.992299 0.728450
67
0.991940 0.020988 -0.124955 0.408543
-0.022218 0.999717 -0.008457 -0.002528
0.124742 0.011165 0.992126 0.756542
68
0.991798 0.019211 -0.126366 0.410252
-0.020774 0.999723 -0.011066 -0.001264
0.126118 0.013601 0.991922 0.784112
69
0.991733 0.016452 -0.127256 0.400477
-0.018196 0.999756 -0.012555 -0.000461
0.127018 0.014767 0.991790 0.792886
70
0.991714 0.014996 -0.127587 0.401515
-0.016791 0.999774 -0.013002 -0.000426
0.127363 0.015037 0.991742 0.821839
71
0.991582 0.014504 -0.128665 0.400788
-0.016318 0.999782 -0.013057 -0.001987
0.128448 0.015047 0.991602 0.852653
72
0.991107 0.012966 -0.132431 0.400929
-0.014710 0.999817 -0.012199 -0.003151
0.132248 0.014038 0.991117 0.883087
73
0.991106 0.011081 -0.132611 0.395439
-0.013233 0.999795 -0.015353 -0.003458
0.132414 0.016971 0.991049 0.901928
74
0.990996 0.008979 -0.133590 0.395678
-0.011328 0.999794 -0.016832 -0.002864
0.133411 0.018194 0.990894 0.930739
75
0.990971 0.007377 -0.133874 0.395421
-0.009906 0.999785 -0.018228 -0.002132
0.133711 0.019390 0.990831 0.959972
76
0.991106 0.006562 -0.132915 0.395128
-0.009176 0.999776 -0.019063 -0.001432
0.132760 0.020113 0.990944 0.987345
77
0.990937 0.005293 -0.134223 0.386574
-0.007932 0.999786 -0.019132 -0.000684
0.134093 0.020023 0.990766 0.996285
78
0.990809 0.003990 -0.135212 0.387639
-0.006619 0.999798 -0.018998 -0.000095
0.135108 0.019719 0.990635 1.025441
79
0.990709 0.002965 -0.135963 0.388970
-0.005478 0.999821 -0.018115 0.000089
0.135885 0.018692 0.990548 1.054096
80
0.990655 0.001759 -0.136379 0.392715
-0.004147 0.999843 -0.017225 0.000213
0.136327 0.017630 0.990507 1.082408
81
0.990507 0.000339 -0.137463 0.396147
-0.002626 0.999861 -0.016459 0.000368
0.137439 0.016663 0.990370 1.111280
82
0.990421 -0.000991 -0.138079 0.394231
-0.001223 0.999872 -0.015944 0.000978
0.138077 0.015960 0.990293 1.117468
83
0.990337 -0.002303 -0.138665 0.399459
0.000296 0.999895 -0.014496 0.003045
0.138684 0.014315 0.990233 1.142372
84
0.990355 -0.002885 -0.138525 0.404340
0.000953 0.999901 -0.014010 0.005897
0.138552 0.013743 0.990260 1.166637
85
0.990224 -0.002786 -0.139460 0.400783
0.000998 0.999916 -0.012889 0.006286
0.139484 0.012623 0.990144 1.162044
86
0.990182 -0.003553 -0.139737 0.405985
0.001915 0.999928 -0.011855 0.008267
0.139769 0.011471 0.990118 1.183233
87
0.990146 -0.003605 -0.139991 0.412855
0.002044 0.999934 -0.011298 0.008517
0.140022 0.010900 0.990088 1.204567
88
0.990312 -0.003154 -0.138826 0.420282
0.001502 0.999927 -0.012009 0.009579
0.138853 0.011684 0.990244 1.224139
89
0.990177 -0.003661 -0.139774 0.428555
0.001830 0.999911 -0.013229 0.011791
0.139810 0.012843 0.990095 1.244443
90
0.990129 -0.003897 -0.140108 0.431066
0.001865 0.999891 -0.014635 0.012063
0.140150 0.014229 0.990028 1.245019
91
0.989975 -0.003259 -0.141207 0.440427
0.001103 0.999882 -0.015343 0.013299
0.141240 0.015033 0.989861 1.266071
92
0.989722 -0.003451 -0.142966 0.450803
0.001328 0.999887 -0.014944 0.014305
0.143002 0.014600 0.989615 1.287852
93
0.989415 -0.002872 -0.145083 0.463281
0.000772 0.999894 -0.014529 0.014369
0.145109 0.014264 0.989313 1.310279
94
0.989012 -0.003853 -0.147786 0.466702
0.001738 0.999894 -0.014438 0.014650
0.147826 0.014022 0.988914 1.308414
95
0.988637 -0.003488 -0.150284 0.479424
0.001182 0.999880 -0.015432 0.015910
0.150319 0.015079 0.988522 1.331821
96
0.988162 -0.003418 -0.153376 0.493063
0.000619 0.999832 -0.018292 0.016712
0.153413 0.017981 0.987999 1.357737
97
0.987745 -0.002683 -0.156053 0.505875
-0.000580 0.999782 -0.020863 0.016319
0.156075 0.020698 0.987528 1.383259
98
0.987049 -0.000945 -0.160414 0.510931
-0.002762 0.999734 -0.022882 0.014253
0.160393 0.023029 0.986785 1.390467
99
0.986554 0.001668 -0.163428 0.523090
-0.005422 0.999731 -0.022530 0.011709
0.163347 0.023113 0.986298 1.421512
100
0.986200 0.004455 -0.165498 0.535294
-0.008261 0.999717 -0.022317 0.007685
0.165352 0.023377 0.985958 1.451807
101
0.985904 0.006485 -0.167184 0.546574
-0.010382 0.999694 -0.022446 0.004811
0.166987 0.023866 0.985670 1.482289
102
0.985535 0.008712 -0.169246 0.550094
-0.012843 0.999645 -0.023325 0.003876
0.168982 0.025161 0.985298 1.491857
103
0.985228 0.011238 -0.170881 0.558937
-0.015665 0.999575 -0.024584 0.003819
0.170532 0.026897 0.984985 1.516958
104
0.984931 0.014457 -0.172342 0.567254
-0.019148 0.999489 -0.025583 0.000942
0.171884 0.028498 0.984705 1.540954
105
0.984612 0.017545 -0.173874 0.575037
-0.022436 0.999405 -0.026202 0.000316
0.173311 0.029700 0.984419 1.564918
106
0.984272 0.018619 -0.175676 0.583532
-0.023738 0.999351 -0.027080 -0.001191
0.175058 0.030825 0.984076 1.589413
107
0.983959 0.019262 -0.177350 0.589648
-0.024181 0.999379 -0.025618 -0.002966
0.176747 0.029496 0.983814 1.608646
108
0.983732 0.019894 -0.178538 0.597421
-0.024528 0.999416 -0.023788 -0.003889
0.177960 0.027780 0.983645 1.633487
109
0.983613 0.020508 -0.179122 0.604704
-0.024775 0.999459 -0.021618 -0.004253
0.178581 0.025701 0.983589 1.657999
110
0.983273 0.020140 -0.181020 0.610658
-0.024098 0.999516 -0.019692 -0.003761
0.180535 0.023725 0.983282 1.681599
111
0.983200 0.019611 -0.181474 0.616439
-0.023800 0.999498 -0.020935 -0.001830
0.180973 0.024903 0.983173 1.703009
112
0.983193 0.020833 -0.181379 0.620185
-0.025208 0.999443 -0.021849 -0.001528
0.180823 0.026054 0.983170 1.721237
113
0.983308 0.021219 -0.180706 0.618822
-0.025713 0.999415 -0.022566 -0.001160
0.180121 0.026836 0.983278 1.726109
114
0.983275 0.021412 -0.180862 0.619981
-0.025870 0.999416 -0.022324 -0.000301
0.180279 0.026630 0.983255 1.746159
115
0.983199 0.020785 -0.181351 0.621538
-0.025314 0.999422 -0.022694 -0.000117
0.180774 0.026903 0.983157 1.767379
116
0.983015 0.019385 -0.182501 0.623683
-0.023785 0.999476 -0.021957 0.001616
0.181979 0.025925 0.982961 1.787716
117
0.983112 0.019061 -0.182012 0.622409
-0.023194 0.999519 -0.020605 0.003109
0.181532 0.024479 0.983080 1.809366
118
0.983499 0.018709 -0.179944 0.619374
-0.022876 0.999515 -0.021109 0.005396
0.179462 0.024877 0.983450 1.832132
119
0.984011 0.018693 -0.177126 0.614595
-0.023265 0.999447 -0.023770 0.008821
0.176584 0.027510 0.983901 1.853790
120
0.984387 0.017918 -0.175103 0.613702
-0.022652 0.999429 -0.025073 0.010707
0.174554 0.028648 0.984231 1.881829
121
0.985179 0.017894 -0.170596 0.608356
-0.022504 0.999431 -0.025124 0.012864
0.170049 0.028591 0.985021 1.905883
122
0.985937 0.016720 -0.166278 0.602525
-0.021139 0.999468 -0.024847 0.016768
0.165774 0.028012 0.985766 1.930892
123
0.986563 0.016547 -0.162540 0.596016
-0.020807 0.999482 -0.024542 0.018074
0.162050 0.027594 0.986397 1.960247
124
0.987541 0.015384 -0.156608 0.587723
-0.019893 0.999430 -0.027265 0.020292
0.156099 0.030040 0.987284 1.988777
125
0.988723 0.013534 -0.149145 0.579662
-0.018295 0.999364 -0.030594 0.020733
0.148636 0.032977 0.988342 2.014417
126
0.990189 0.012447 -0.139180 0.572462
-0.016937 0.999372 -0.031122 0.019859
0.138705 0.033174 0.989778 2.041819
127
0.991370 0.011131 -0.130623 0.564316
-0.015489 0.999355 -0.032394 0.019012
0.130178 0.034138 0.990903 2.072482
128
0.992470 0.009718 -0.122104 0.556909
-0.014123 0.999278 -0.035258 0.018105
0.121673 0.036717 0.991891 2.100407
129
0.994000 0.008688 -0.109036 0.551054
-0.012859 0.999210 -0.037604 0.015950
0.108623 0.038781 0.993326 2.125957
130
0.995446 0.006058 -0.095131 0.545404
-0.009862 0.999168 -0.039572 0.015639
0.094813 0.040330 0.994678 2.149492
131
0.996661 0.004516 -0.081530 0.539763
-0.008032 0.999050 -0.042839 0.016978
0.081259 0.043351 0.995750 2.171349
132
0.997567 0.003294 -0.069637 0.535191
-0.006519 0.998914 -0.046128 0.017640
0.069410 0.046470 0.996505 2.195611
133
0.998411 0.001791 -0.056325 0.530164
-0.004558 0.998787 -0.049036 0.018107
0.056169 0.049215 0.997208 2.216470
134
0.999145 0.002480 -0.041280 0.528922
-0.004401 0.998908 -0.046509 0.016244
0.041120 0.046651 0.998065 2.241963
135
0.999683 0.002008 -0.025083 0.526183
-0.003140 0.998973 -0.045201 0.015872
0.024967 0.045265 0.998663 2.262623
136
0.999962 0.001753 -0.008527 0.527457
-0.002119 0.999072 -0.043020 0.015092
0.008444 0.043036 0.999038 2.286536
137
0.999967 -0.000717 0.008086 0.528834
0.001047 0.999165 -0.040834 0.017964
-0.008050 0.040842 0.999133 2.309243
138
0.999697 -0.001460 0.024584 0.531927
0.002460 0.999169 -0.040680 0.020272
-0.024504 0.040728 0.998870 2.328736
139
0.999129 -0.003024 0.041623 0.531524
0.004757 0.999123 -0.041597 0.021577
-0.041460 0.041758 0.998267 2.335170
140
0.998177 -0.002790 0.060283 0.535290
0.005277 0.999139 -0.041145 0.022836
-0.060117 0.041388 0.997333 2.355197
141
0.996900 -0.002839 0.078629 0.541349
0.005973 0.999195 -0.039659 0.022994
-0.078453 0.040005 0.996115 2.374579
142
0.995149 -0.002848 0.098335 0.549986
0.006554 0.999279 -0.037391 0.024238
-0.098157 0.037855 0.994451 2.394120
143
0.992980 -0.003683 0.118229 0.557551
0.007969 0.999327 -0.035801 0.026820
-0.118018 0.036492 0.992341 2.412648
144
0.990495 -0.004817 0.137462 0.565735
0.009833 0.999310 -0.035830 0.028414
-0.137194 0.036841 0.989859 2.420375
145
0.987632 -0.004895 0.156716 0.575686
0.010414 0.999353 -0.034414 0.030678
-0.156447 0.035620 0.987044 2.437643
146
0.984395 -0.005098 0.175896 0.586661
0.011218 0.999365 -0.033814 0.033910
-0.175612 0.035259 0.983828 2.454107
147
0.980951 -0.004350 0.194206 0.597311
0.010872 0.999412 -0.032528 0.036824
-0.193950 0.034020 0.980421 2.470606
148
0.976811 -0.002493 0.214089 0.610936
0.009966 0.999378 -0.033832 0.037609
-0.213871 0.035181 0.976228 2.485424
149
0.972412 -0.000499 0.233271 0.618921
0.008843 0.999358 -0.034729 0.037513
-0.233104 0.035833 0.971791 2.483764
150
0.967596 0.000130 0.252504 0.633265
0.009276 0.999307 -0.036062 0.038912
-0.252333 0.037235 0.966924 2.495471
151
0.962680 0.000925 0.270642 0.650023
0.009651 0.999241 -0.037745 0.038951
-0.270471 0.038948 0.961940 2.509086
152
0.957904 0.001918 0.287082 0.666995
0.010115 0.999131 -0.040428 0.037505
-0.286910 0.041630 0.957052 2.522683
153
0.952983 0.003554 0.303004 0.684515
0.009930 0.999028 -0.042948 0.035956
-0.302862 0.043937 0.952021 2.536488
154
0.947617 0.004085 0.319382 0.703508
0.010055 0.999041 -0.042611 0.033717
-0.319250 0.043590 0.946667 2.548713
155
0.942227 0.006176 0.334919 0.722151
0.007826 0.999151 -0.040441 0.032585
-0.334885 0.040726 0.941379 2.564889
156
0.936568 0.008298 0.350388 0.741116
0.005989 0.999195 -0.039672 0.032221
-0.350435 0.039254 0.935764 2.581830
157
0.930677 0.011156 0.365672 0.758836
0.003584 0.999209 -0.039605 0.031871
-0.365824 0.038170 0.929901 2.597432
158
0.924500 0.014880 0.380892 0.775547
0.000655 0.999174 -0.040624 0.029684
-0.381182 0.037806 0.923727 2.610428
159
0.918493 0.016953 0.395073 0.787644
-0.001974 0.999265 -0.038291 0.026997
-0.395432 0.034390 0.917851 2.602563
160
0.912733 0.017047 0.408201 0.807863
-0.001891 0.999295 -0.037503 0.025569
-0.408553 0.033459 0.912121 2.616892
161
0.906898 0.018066 0.420963 0.826316
-0.002291 0.999277 -0.037950 0.024296
-0.421344 0.033452 0.906284 2.630093
162
0.900629 0.018176 0.434209 0.845031
-0.002036 0.999290 -0.037608 0.021347
-0.434585 0.032987 0.900027 2.643670
163
0.894716 0.018001 0.446272 0.864254
-0.002843 0.999397 -0.034613 0.019569
-0.446626 0.029701 0.894228 2.656511
164
0.888434 0.018601 0.458628 0.882634
-0.004114 0.999461 -0.032566 0.018061
-0.458987 0.027046 0.888031 2.671840
165
0.881882 0.019434 0.471069 0.893797
-0.004566 0.999455 -0.032684 0.018501
-0.471447 0.026672 0.881491 2.665820
166
0.875123 0.021321 0.483430 0.907875
-0.005458 0.999400 -0.034197 0.018696
-0.483869 0.027288 0.874715 2.676975
167
0.868295 0.023318 0.495500 0.923149
-0.007319 0.999388 -0.034206 0.017416
-0.495994 0.026074 0.867934 2.688921
168
0.860786 0.023469 0.508425 0.939505
-0.007342 0.999405 -0.033704 0.016366
-0.508913 0.025279 0.860446 2.702418
169
0.853121 0.022774 0.521215 0.955871
-0.006672 0.999441 -0.032749 0.015937
-0.521670 0.024461 0.852797 2.717660
170
0.846298 0.022575 0.532232 0.969534
-0.006687 0.999473 -0.031761 0.016269
-0.532668 0.023320 0.846003 2.724764
171
0.838452 0.023775 0.544457 0.983220
-0.008011 0.999478 -0.031309 0.016704
-0.544917 0.021889 0.838204 2.739547
172
0.830460 0.025084 0.556513 0.996584
-0.009107 0.999464 -0.031460 0.016476
-0.557003 0.021058 0.830243 2.756211
173
0.821324 0.026180 0.569860 1.011860
-0.009940 0.999452 -0.031589 0.015007
-0.570375 0.020280 0.821134 2.772980
174
0.811522 0.026625 0.583715 1.025242
-0.009837 0.999442 -0.031911 0.015271
-0.584239 0.020154 0.811331 2.790354
175
0.801050 0.027644 0.597959 1.038026
-0.009962 0.999410 -0.032857 0.014556
-0.598515 0.020363 0.800853 2.807372
176
0.790617 0.028351 0.611655 1.040009
-0.009195 0.999365 -0.034437 0.012975
-0.612242 0.021603 0.790375 2.803087
177
0.778706 0.028897 0.626723 1.047187
-0.008007 0.999315 -0.036127 0.012466
-0.627338 0.023115 0.778404 2.818261
178
0.766536 0.029564 0.641520 1.055261
-0.006866 0.999260 -0.037847 0.012300
-0.642164 0.024607 0.766172 2.835855
179
0.751872 0.031168 0.658572 1.062332
-0.005200 0.999131 -0.041350 0.010538
-0.659289 0.027665 0.751381 2.853291
180
0.736244 0.035000 0.675810 1.068269
-0.006362 0.998975 -0.044805 0.008119
-0.676686 0.028688 0.735713 2.871014
181
0.718903 0.039425 0.693992 1.072849
-0.008397 0.998810 -0.048042 0.007679
-0.695060 0.028710 0.718378 2.885940
182
0.701289 0.046367 0.711368 1.075233
-0.010565 0.998449 -0.054663 0.007224
-0.712799 0.030819 0.700691 2.902754
183
0.683744 0.049752 0.728024 1.075555
-0.008906 0.998168 -0.059849 0.007626
-0.729667 0.034437 0.682935 2.918896
184
0.667723 0.054159 0.742437 1.077706
-0.009975 0.997911 -0.063824 0.007989
-0.744343 0.035211 0.666869 2.935449
185
0.653379 0.053923 0.755108 1.085243
-0.006544 0.997825 -0.065593 0.007775
-0.757003 0.037915 0.652310 2.951970
186
0.637480 0.052757 0.768658 1.081890
-0.002644 0.997797 -0.066291 0.006547
-0.770462 0.040227 0.636215 2.942724
187
0.621523 0.052267 0.781650 1.089117
0.000335 0.997754 -0.066984 0.008407
-0.783396 0.041894 0.620110 2.956100
188
0.608290 0.050142 0.792129 1.098931
0.004455 0.997771 -0.066581 0.008935
-0.793702 0.044030 0.606711 2.971232
189
0.592144 0.048967 0.804343 1.108242
0.007618 0.997767 -0.066351 0.009854
-0.805796 0.045417 0.590449 2.983653
190
0.575282 0.046606 0.816626 1.120670
0.010660 0.997863 -0.064459 0.010693
-0.817886 0.045787 0.573556 2.996360
191
0.558849 0.045693 0.828010 1.126987
0.011840 0.997939 -0.063062 0.011485
-0.829185 0.045045 0.557156 2.988980
192
0.543116 0.044860 0.838458 1.140427
0.014123 0.997942 -0.062542 0.012713
-0.839539 0.045809 0.541365 3.000824
193
0.526619 0.044297 0.848947 1.155719
0.015449 0.997978 -0.061656 0.012653
-0.849961 0.045584 0.524870 3.010617
194
0.512663 0.043896 0.857467 1.170305
0.015574 0.998052 -0.060404 0.012809
-0.858449 0.044321 0.510981 3.021012
195
0.496824 0.043940 0.866738 1.186110
0.016304 0.998069 -0.059943 0.011218
-0.867698 0.043913 0.495148 3.029849
196
0.481702 0.043626 0.875248 1.201432
0.017341 0.998090 -0.059293 0.012505
-0.876163 0.043739 0.480026 3.038775
197
0.468339 0.042454 0.882528 1.214998
0.019286 0.998116 -0.058249 0.012036
-0.883338 0.044301 0.466638 3.045121
198
0.456878 0.042525 0.888512 1.218117
0.020152 0.998105 -0.058133 0.013426
-0.889301 0.044465 0.455155 3.024221
199
0.443723 0.042714 0.895146 1.235919
0.020524 0.998117 -0.057801 0.010622
-0.895929 0.044020 0.442011 3.033999
200
0.431242 0.041914 0.901262 1.251802
0.021556 0.998157 -0.056735 0.012316
-0.901979 0.043894 0.429544 3.038169
201
0.418065 0.042487 0.907423 1.266005
0.021184 0.998178 -0.056496 0.013017
-0.908170 0.042841 0.416404 3.043117
202
0.405056 0.043046 0.913278 1.279231
0.021559 0.998164 -0.056608 0.014695
-0.914037 0.042619 0.403385 3.045880
203
0.392626 0.042992 0.918693 1.297346
0.023032 0.998134 -0.056553 0.015893
-0.919410 0.043364 0.390903 3.050701
204
0.381338 0.044420 0.923368 1.315854
0.023801 0.998042 -0.057842 0.017959
-0.924129 0.044035 0.379534 3.054126
205
0.370453 0.046421 0.927690 1.333025
0.023704 0.997953 -0.059403 0.018307
-0.928549 0.043996 0.368594 3.056166
206
0.361806 0.047534 0.931041 1.351226
0.024584 0.997865 -0.060499 0.019749
-0.931929 0.044778 0.359865 3.059398
207
0.354946 0.048724 0.933616 1.365972
0.024646 0.997806 -0.061444 0.021458
-0.934562 0.044819 0.352967 3.048868
208
0.349342 0.050818 0.935616 1.387933
0.023528 0.997738 -0.062977 0.021635
-0.936700 0.044014 0.347356 3.050973
209
0.345107 0.053432 0.937041 1.410374
0.021914 0.997647 -0.064959 0.021093
-0.938307 0.042952 0.343124 3.055054
210
0.341670 0.056475 0.938122 1.432556
0.019951 0.997532 -0.067317 0.020581
-0.939608 0.041716 0.339700 3.058382
211
0.338568 0.058823 0.939102 1.455243
0.018839 0.997420 -0.069268 0.020186
-0.940753 0.041143 0.336586 3.060675
212
0.337312 0.062062 0.939345 1.478636
0.016671 0.997274 -0.071875 0.018664
-0.941245 0.039904 0.335358 3.064887
213
0.337071 0.064350 0.939278 1.501325
0.014107 0.997204 -0.073381 0.017772
-0.941374 0.037985 0.335220 3.068108
214
0.337656 0.066725 0.938901 1.513132
0.010726 0.997147 -0.074722 0.015885
-0.941208 0.035301 0.335977 3.049384
215
0.339000 0.068638 0.938279 1.533169
0.008501 0.997071 -0.076011 0.012681
-0.940748 0.033744 0.337423 3.051899
216
0.340180 0.069688 0.937775 1.556389
0.005562 0.997084 -0.076113 0.009187
-0.940344 0.031108 0.338800 3.055193
217
0.342294 0.070623 0.936935 1.573708
0.004099 0.997049 -0.076652 0.006936
-0.939584 0.030078 0.340995 3.055411
218
0.344095 0.072159 0.936158 1.595195
0.002560 0.996967 -0.077787 0.004421
-0.938931 0.029162 0.342866 3.059284
219
0.345296 0.073410 0.935618 1.615687
0.000824 0.996912 -0.078523 0.002189
-0.938493 0.027885 0.344170 3.063084
220
0.345492 0.075076 0.935414 1.633432
-0.001895 0.996848 -0.079306 0.001752
-0.938420 0.025627 0.344546 3.065537
221
0.345646 0.074024 0.935441 1.644426
-0.004214 0.996996 -0.077337 0.002018
-0.938356 0.022789 0.344919 3.051189
222
0.344654 0.072715 0.935909 1.664121
-0.006464 0.997156 -0.075093 0.000144
-0.938708 0.019831 0.344143 3.055544
223
0.343329 0.072039 0.936448 1.683855
-0.008583 0.997253 -0.073570 -0.000552
-0.939176 0.017221 0.343005 3.060712
224
0.342825 0.071131 0.936702 1.700794
-0.010604 0.997359 -0.071856 -0.003955
-0.939340 0.014702 0.342673 3.062860
225
0.343756 0.070839 0.936383 1.716544
-0.013902 0.997425 -0.070353 -0.004831
-0.938956 0.011167 0.343856 3.064745
226
0.343567 0.070696 0.936464 1.734527
-0.014506 0.997443 -0.069977 -0.006822
-0.939016 0.010458 0.343714 3.066789
227
0.343429 0.069607 0.936596 1.753792
-0.015131 0.997530 -0.068588 -0.009276
-0.939057 0.009383 0.343634 3.068627
228
0.344130 0.068817 0.936397 1.771581
-0.015227 0.997588 -0.067718 -0.010720
-0.938798 0.009046 0.344348 3.068883
229
0.344297 0.068281 0.936374 1.790185
-0.015476 0.997629 -0.067057 -0.011299
-0.938733 0.008596 0.344538 3.070526
230
0.343965 0.067982 0.936518 1.808447
-0.015467 0.997651 -0.066739 -0.011158
-0.938855 0.008471 0.344208 3.071982
231
0.342774 0.067105 0.937018 1.828934
-0.014004 0.997700 -0.066328 -0.013571
-0.939313 0.009613 0.342925 3.074064
232
0.341205 0.064710 0.937759 1.848093
-0.012970 0.997857 -0.064138 -0.014239
-0.939899 0.009722 0.341313 3.074614
233
0.340118 0.063357 0.938246 1.869339
-0.011559 0.997934 -0.063198 -0.015443
-0.940312 0.010650 0.340147 3.076112
234
0.337264 0.062454 0.939336 1.889583
-0.008471 0.997958 -0.063310 -0.015729
-0.941372 0.013395 0.337104 3.078945
235
0.335200 0.063179 0.940026 1.909231
-0.006512 0.997881 -0.064745 -0.017914
-0.942125 0.015581 0.334901 3.080691
236
0.332581 0.064725 0.940851 1.927998
-0.005288 0.997754 -0.066771 -0.015901
-0.943060 0.017232 0.332177 3.082069
237
0.329092 0.065840 0.942000 1.939250
-0.003869 0.997652 -0.068379 -0.015747
-0.944290 0.018858 0.328574 3.075908
238
0.325354 0.067482 0.943181 1.956902
-0.002958 0.997518 -0.070349 -0.015690
-0.945588 0.020099 0.324746 3.081352
239
0.322012 0.069138 0.944208 1.975433
-0.002354 0.997385 -0.072229 -0.014892
-0.946733 0.021036 0.321333 3.084037
240
0.317312 0.070287 0.945713 1.994647
-0.001451 0.997284 -0.073633 -0.014949
-0.948320 0.021992 0.316552 3.088519
241
0.312529 0.068942 0.947403 2.018591
-0.000615 0.997377 -0.072376 -0.017702
-0.949908 0.022037 0.311751 3.095312
242
0.308049 0.069994 0.948792 2.033879
0.000391 0.997281 -0.073698 -0.021168
-0.951370 0.023073 0.307184 3.097733
243
0.302822 0.071497 0.950362 2.058880
0.002908 0.997108 -0.075940 -0.022892
-0.953043 0.025760 0.301738 3.107685
244
0.296817 0.073326 0.952115 2.077949
0.004748 0.996922 -0.078256 -0.023782
-0.954923 0.027749 0.295555 3.111198
245
0.291468 0.074780 0.953653 2.096148
0.007068 0.996744 -0.080319 -0.024815
-0.956554 0.030151 0.289991 3.116127
246
0.286600 0.074818 0.955124 2.114128
0.008510 0.996708 -0.080629 -0.024119
-0.958013 0.031237 0.285020 3.119567
247
0.281398 0.074795 0.956672 2.128146
0.010132 0.996671 -0.080902 -0.024697
-0.959538 0.032459 0.279703 3.123500
248
0.276396 0.073813 0.958205 2.146199
0.010231 0.996764 -0.079734 -0.025794
-0.960989 0.031841 0.274746 3.127120
249
0.270826 0.072786 0.959873 2.160935
0.011211 0.996831 -0.078751 -0.026518
-0.962563 0.032089 0.269152 3.128663
250
0.266193 0.071207 0.961286 2.176972
0.013290 0.996902 -0.077525 -0.027684
-0.963828 0.033412 0.264422 3.129968
251
0.262425 0.069365 0.962456 2.192615
0.015006 0.996999 -0.075946 -0.027656
-0.964836 0.034373 0.260596 3.129673
252
0.257142 0.069218 0.963892 2.210617
0.016815 0.996960 -0.076078 -0.029803
-0.966227 0.035771 0.255196 3.130288
253
0.250445 0.070865 0.965534 2.224741
0.019817 0.996733 -0.078295 -0.029070
-0.967928 0.038743 0.248223 3.128682
254
0.243059 0.072225 0.967319 2.239452
0.020339 0.996625 -0.079523 -0.026999
-0.969798 0.039003 0.240770 3.128511
255
0.235265 0.071466 0.969300 2.251081
0.020143 0.996720 -0.078376 -0.026271
-0.971723 0.037964 0.233053 3.128721
256
0.226615 0.071337 0.971368 2.265418
0.019152 0.996795 -0.077673 -0.027272
-0.973796 0.036206 0.224523 3.127180
257
0.217803 0.072287 0.973312 2.279645
0.017856 0.996791 -0.078026 -0.025982
-0.975829 0.034374 0.215813 3.124871
258
0.209207 0.073795 0.975083 2.294458
0.017024 0.996722 -0.079086 -0.026492
-0.977723 0.033145 0.207265 3.120962
259
0.199675 0.073734 0.977084 2.307246
0.017034 0.996753 -0.078699 -0.024125
-0.979714 0.032357 0.197771 3.116628
260
0.190104 0.072920 0.979052 2.325973
0.017735 0.996820 -0.077687 -0.025155
-0.981604 0.032132 0.188207 3.112660
261
0.180200 0.072805 0.980932 2.341728
0.018841 0.996819 -0.077446 -0.024143
-0.983449 0.032438 0.178255 3.107932
262
0.169655 0.073228 0.982779 2.359376
0.019015 0.996807 -0.077556 -0.024720
-0.985320 0.031845 0.167720 3.099676
263
0.158178 0.070985 0.984856 2.376503
0.018911 0.997012 -0.074899 -0.023551
-0.987230 0.030472 0.156363 3.090592
264
0.146875 0.071081 0.986598 2.403018
0.018405 0.997046 -0.074574 -0.024147
-0.988984 0.029112 0.145133 3.082189
265
0.134920 0.072309 0.988215 2.432266
0.019713 0.996940 -0.075639 -0.026466
-0.990660 0.029686 0.133081 3.071782
266
0.121544 0.075965 0.989675 2.451547
0.018912 0.996709 -0.078827 -0.024486
-0.992406 0.028298 0.119707 3.062272
267
0.109103 0.078623 0.990916 2.466752
0.016647 0.996583 -0.080906 -0.023786
-0.993891 0.025323 0.107421 3.052441
268
