111
1122
8836

64 294
-0.025952 0.002429 0.999660 0.878536
-0.000138 0.999997 -0.002433 -0.001881
-0.999663 -0.000201 -0.025952 4.562586
0 5
1.000000 0.000000 0.000000 -0.000000
0.000000 1.000000 0.000000 -0.000000
0.000000 0.000000 1.000000 -0.000000
65 300
-0.048315 0.002031 0.998830 1.031672
-0.000086 0.999998 -0.002037 -0.001978
-0.998832 -0.000184 -0.048315 4.583907
1 15
0.999999 0.000134 -0.001606 -0.001445
-0.000134 1.000000 -0.000043 0.000334
0.001606 0.000043 0.999999 0.028585
66 306
-0.065054 0.002280 0.997879 1.192801
-0.000038 0.999997 -0.002288 -0.001216
-0.997882 -0.000187 -0.065054 4.604067
2 16
0.999996 0.000100 -0.002772 -0.001664
-0.000101 1.000000 -0.000177 -0.000910
0.002772 0.000177 0.999996 0.034244
68 319
-0.088394 0.002115 0.996083 1.569692
-0.000275 0.999998 -0.002148 -0.000912
-0.996086 -0.000463 -0.088393 4.640309
4 24
0.999947 0.000319 -0.010314 -0.005171
-0.000320 1.000000 -0.000022 -0.000861
0.010314 0.000025 0.999947 0.101213
74 362
-0.055496 0.001486 0.998458 3.001892
-0.000289 0.999999 -0.001505 -0.000443
-0.998459 -0.000372 -0.055496 4.707748
10 39
0.999536 0.000112 -0.030443 -0.016232
-0.000110 1.000000 0.000045 0.000634
0.030443 -0.000041 0.999536 0.304994
77 386
0.000305 0.001634 0.999999 3.864187
-0.000412 0.999999 -0.001634 -0.002321
-1.000000 -0.000411 0.000306 4.710826
13 48
0.998906 0.000362 -0.046751 -0.024056
-0.000362 1.000000 0.000005 -0.000757
0.046751 0.000012 0.998907 0.468105
79 403
0.041156 0.001479 0.999152 4.482553
-0.001288 0.999998 -0.001427 -0.005678
-0.999152 -0.001229 0.041157 4.698928
15 55
0.998281 0.000393 -0.058610 -0.030017
-0.000380 1.000000 0.000244 0.000379
0.058610 -0.000221 0.998281 0.612142
81 421
0.076313 0.001545 0.997083 5.120462
-0.001510 0.999998 -0.001434 -0.004336
-0.997083 -0.001396 0.076315 4.676079
82 431
0.086710 0.001474 0.996232 5.461483
-0.001452 0.999998 -0.001353 -0.004985
-0.996233 -0.001329 0.086712 4.661577
83 440
0.093204 0.001264 0.995646 5.759169
-0.002032 0.999997 -0.001079 -0.007364
-0.995645 -0.001922 0.093206 4.645016
19 70
0.996304 0.000622 -0.085897 -0.042520
-0.000619 1.000000 0.000061 -0.001788
0.085897 -0.000008 0.996304 0.962303
84 449
0.089670 0.001593 0.995970 6.047383
-0.002270 0.999996 -0.001395 -0.007426
-0.995969 -0.002136 0.089673 4.624448
20 74
0.995615 0.000107 -0.093540 -0.046178
-0.000067 1.000000 0.000435 0.000307
0.093540 -0.000427 0.995615 1.062298
85 457
0.081291 0.001876 0.996689 6.295697
-0.002050 0.999996 -0.001715 -0.007064
-0.996688 -0.001904 0.081294 4.606227
21 78
0.995063 0.000348 -0.099248 -0.049210
-0.000374 1.000000 -0.000237 -0.001641
0.099248 0.000273 0.995063 1.165329
87 478
0.023001 0.002281 0.999733 6.892105
-0.002109 0.999995 -0.002233 -0.008617
-0.999733 -0.002057 0.023005 4.549245
23 86
0.993837 0.000426 -0.110846 -0.055268
-0.000438 1.000000 -0.000080 -0.001435
0.110846 0.000128 0.993838 1.378274
89 495
-0.086173 0.001977 0.996278 7.297676
-0.001639 0.999996 -0.002127 -0.006511
-0.996279 -0.001817 -0.086169 4.497985
25 95
0.992740 0.000187 -0.120276 -0.059919
-0.000162 1.000000 0.000219 0.001020
0.120276 -0.000198 0.992740 1.621880
90 501
-0.145049 0.002036 0.989422 7.420772
-0.001330 0.999997 -0.002253 -0.006607
-0.989424 -0.001643 -0.145046 4.478606
28 106
0.991836 0.000215 -0.127520 -0.063286
-0.000160 1.000000 0.000446 0.000906
0.127520 -0.000422 0.991836 1.923474
32 123
0.992552 0.000479 -0.121820 -0.060493
-0.000467 1.000000 0.000125 -0.002023
0.121820 -0.000067 0.992552 2.378855
35 138
0.995460 0.000476 -0.095185 -0.048339
-0.000491 1.000000 -0.000133 0.001434
0.095184 0.000179 0.995460 2.749391
37 148
0.997855 0.000708 -0.065462 -0.034125
-0.000746 1.000000 -0.000569 -0.000036
0.065462 0.000617 0.997855 2.971425
41 167
0.999568 0.000299 0.029397 0.007165
-0.000268 0.999999 -0.001080 0.003005
-0.029397 0.001072 0.999567 3.313449
43 176
0.994534 0.000611 0.104407 0.018487
-0.000526 1.000000 -0.000842 0.000817
-0.104407 0.000782 0.994534 3.452120
45 186
0.977002 0.000180 0.213230 0.020758
-0.000120 1.000000 -0.000294 0.001353
-0.213230 0.000261 0.977002 3.597620
46 191
0.961375 0.000082 0.275243 0.019606
0.000011 1.000000 -0.000337 0.002544
-0.275243 0.000327 0.961375 3.667118
53 231
0.629213 0.000308 0.777233 0.051809
-0.000199 1.000000 -0.000234 0.001676
-0.777233 -0.000007 0.629213 4.138715
54 236
0.565961 0.000634 0.824432 0.071126
-0.000134 1.000000 -0.000678 0.000289
-0.824432 0.000273 0.565961 4.187371
55 241
0.499791 0.000983 0.866146 0.096573
-0.000617 1.000000 -0.000779 -0.000543
-0.866146 -0.000146 0.499791 4.232570
56 246
0.433853 0.000771 0.900983 0.128575
-0.000484 1.000000 -0.000623 -0.000821
-0.900983 -0.000166 0.433854 4.275779
57 251
0.368475 0.000924 0.929637 0.166630
-0.000263 1.000000 -0.000890 -0.000663
-0.929638 0.000084 0.368475 4.316933
59 263
0.217921 0.000923 0.975966 0.291839
0.000325 0.999999 -0.001018 0.001996
-0.975966 0.000539 0.217920 4.404479
62 281
0.043739 0.001295 0.999042 0.581615
0.000058 0.999999 -0.001299 -0.001542
-0.999043 0.000115 0.043739 4.508174
63 287
0.006184 0.001495 0.999980 0.710210
0.000130 0.999999 -0.001496 0.000271
-0.999981 0.000139 0.006184 4.534852
67 312
-0.077173 0.002181 0.997015 1.362346
-0.000103 0.999998 -0.002196 -0.001939
-0.997018 -0.000272 -0.077173 4.621178
69 325
-0.091034 0.002553 0.995845 1.754864
0.000022 0.999997 -0.002562 -0.000663
-0.995848 -0.000212 -0.091033 4.654226
70 332
-0.093197 0.002206 0.995645 1.978406
-0.000562 0.999997 -0.002268 -0.001405
-0.995648 -0.000771 -0.093196 4.668240
71 339
-0.089289 0.002163 0.996003 2.207640
-0.000505 0.999997 -0.002217 -0.002777
-0.996006 -0.000701 -0.089288 4.681558
72 346
-0.082468 0.001349 0.996593 2.443640
-0.000108 0.999999 -0.001362 -0.000293
-0.996594 -0.000220 -0.082468 4.692148
73 354
-0.070718 0.001551 0.997495 2.721794
-0.000426 0.999999 -0.001585 -0.000254
-0.997496 -0.000537 -0.070718 4.700105
75 370
-0.038300 0.001503 0.999265 3.286607
-0.000026 0.999999 -0.001506 -0.001289
-0.999266 -0.000083 -0.038300 4.711592
76 378
-0.019152 0.001356 0.999816 3.574982
-0.000475 0.999999 -0.001365 -0.001826
-0.999816 -0.000501 -0.019151 4.711781
78 394
0.020035 0.001520 0.999798 4.155099
-0.000847 0.999999 -0.001503 -0.002641
-0.999799 -0.000817 0.020037 4.705833
80 412
0.059070 0.001652 0.998252 4.804673
-0.001675 0.999997 -0.001556 -0.005037
-0.998252 -0.001580 0.059073 4.688189
86 467
0.061243 0.002200 0.998120 6.590089
-0.002361 0.999995 -0.002059 -0.008552
-0.998120 -0.002231 0.061248 4.579538
88 486
-0.016833 0.002000 0.999856 7.092805
-0.002006 0.999996 -0.002034 -0.008814
-0.999856 -0.002040 -0.016828 4.525503
91 508
-0.228568 0.002184 0.973525 7.552766
-0.001221 0.999996 -0.002530 -0.008508
-0.973527 -0.001767 -0.228565 4.454848
92 514
-0.305424 0.002119 0.952214 7.655850
-0.001057 0.999996 -0.002565 -0.007579
-0.952216 -0.001790 -0.305421 4.432067
94 527
-0.487350 0.002513 0.873203 7.850110
-0.000594 0.999995 -0.003210 -0.007692
-0.873206 -0.002083 -0.487346 4.372808
95 533
-0.568845 0.002190 0.822442 7.927999
-0.000517 0.999995 -0.003021 -0.007257
-0.822444 -0.002143 -0.568841 4.341139
98 550
-0.780588 0.001680 0.625044 8.111160
-0.000566 0.999994 -0.003396 -0.010321
-0.625046 -0.003004 -0.780582 4.226916
101 567
-0.922081 0.001758 0.386993 8.246348
0.000512 0.999994 -0.003324 -0.006562
-0.386997 -0.002867 -0.922076 4.070792
102 573
-0.952685 0.001949 0.303952 8.284831
0.001059 0.999995 -0.003093 -0.007328
-0.303956 -0.002625 -0.952682 4.004006
103 578
-0.971958 0.001780 0.235149 8.313804
0.001110 0.999995 -0.002982 -0.007644
-0.235153 -0.002637 -0.971955 3.943118
104 583
-0.985330 0.001965 0.170646 8.340309
0.001508 0.999995 -0.002809 -0.007387
-0.170651 -0.002510 -0.985328 3.877149
106 594
-0.998662 0.001401 0.051701 8.391571
0.001268 0.999996 -0.002593 -0.008091
-0.051705 -0.002524 -0.998659 3.712567
107 600
-0.999997 0.001558 0.001804 8.415703
0.001552 0.999994 -0.002970 -0.010142
-0.001809 -0.002968 -0.999994 3.610343
108 605
-0.999560 0.001502 -0.029627 8.436436
0.001594 0.999994 -0.003094 -0.008103
0.029622 -0.003140 -0.999556 3.512490
109 610
-0.998592 0.001882 -0.053011 8.461034
0.002057 0.999993 -0.003241 -0.009546
0.053004 -0.003345 -0.998589 3.396588
110 615
-0.997770 0.002036 -0.066719 8.487496
0.002256 0.999992 -0.003222 -0.009773
0.066712 -0.003366 -0.997767 3.264912
111 620
-0.997460 0.001814 -0.071202 8.515679
0.002049 0.999993 -0.003223 -0.010770
0.071195 -0.003361 -0.997457 3.118193
112 625
-0.997627 0.001761 -0.068828 8.544904
0.001985 0.999993 -0.003186 -0.012568
0.068822 -0.003315 -0.997623 2.960899
113 632
-0.998536 0.001790 -0.054053 8.583557
0.001953 0.999994 -0.002963 -0.012392
0.054047 -0.003064 -0.998534 2.724058
114 638
-0.999290 0.001559 -0.037645 8.613945
0.001670 0.999994 -0.002909 -0.013173
0.037640 -0.002970 -0.999287 2.509627
115 644
-0.999867 0.001125 -0.016289 8.639191
0.001176 0.999995 -0.003067 -0.012131
0.016285 -0.003085 -0.999863 2.292944
116 650
-0.999979 0.001903 0.006198 8.658849
0.001883 0.999993 -0.003166 -0.011587
-0.006204 -0.003154 -0.999976 2.072976
117 656
-0.999605 0.001386 0.028059 8.668979
0.001299 0.999994 -0.003099 -0.014508
-0.028063 -0.003061 -0.999601 1.854367
118 662
-0.998976 0.001394 0.045230 8.669676
0.001247 0.999994 -0.003268 -0.015826
-0.045234 -0.003208 -0.998971 1.642066
119 668
-0.998286 0.001720 0.058496 8.659207
0.001538 0.999994 -0.003146 -0.016919
-0.058501 -0.003050 -0.998283 1.439586
120 674
-0.997877 0.002131 0.065095 8.635336
0.001938 0.999994 -0.003017 -0.015757
-0.065101 -0.002884 -0.997874 1.251029
121 680
-0.998061 0.001470 0.062229 8.594322
0.001275 0.999994 -0.003166 -0.017017
-0.062233 -0.003080 -0.998057 1.078151
122 687
-0.999071 0.001340 0.043064 8.526062
0.001156 0.999990 -0.004297 -0.016103
-0.043069 -0.004243 -0.999063 0.902009
123 693
-0.999885 0.000780 0.015166 8.446437
0.000730 0.999994 -0.003316 -0.016049
-0.015169 -0.003305 -0.999879 0.777871
124 699
-0.999513 0.000231 -0.031214 8.349774
0.000326 0.999995 -0.003030 -0.019410
0.031213 -0.003038 -0.999508 0.679935
125 705
-0.995940 0.000467 -0.090023 8.252425
0.000758 0.999995 -0.003206 -0.018419
0.090021 -0.003261 -0.995935 0.594986
126 711
-0.987753 0.000817 -0.156026 8.152645
0.001367 0.999993 -0.003416 -0.016127
0.156022 -0.003588 -0.987747 0.522162
127 720
-0.963429 0.000423 -0.267964 7.999656
0.001222 0.999995 -0.002815 -0.018945
0.267961 -0.003040 -0.963425 0.431807
128 726
-0.936622 0.000743 -0.350342 7.893380
0.001660 0.999996 -0.002318 -0.019594
0.350339 -0.002752 -0.936619 0.382924
130 740
-0.837974 0.001165 -0.545708 7.629574
0.002732 0.999994 -0.002061 -0.018677
0.545703 -0.003218 -0.837973 0.299355
131 747
-0.769717 0.001304 -0.638384 7.486727
0.002732 0.999995 -0.001251 -0.020085
0.638380 -0.002707 -0.769717 0.271787
132 754
-0.689906 0.001187 -0.723898 7.336097
0.003062 0.999994 -0.001278 -0.016722
0.723893 -0.003099 -0.689905 0.251512
133 761
-0.599737 0.000769 -0.800197 7.173846
0.002766 0.999996 -0.001112 -0.018562
0.800193 -0.002881 -0.599736 0.234485
134 768
-0.505611 0.000799 -0.862761 7.002274
0.003222 0.999994 -0.000963 -0.018164
0.862756 -0.003267 -0.505611 0.224026
135 776
-0.393595 0.000482 -0.919284 6.789236
0.003148 0.999995 -0.000824 -0.018745
0.919279 -0.003218 -0.393594 0.214862
136 785
-0.267339 0.000809 -0.963602 6.527615
0.003198 0.999995 -0.000048 -0.017942
0.963597 -0.003094 -0.267340 0.206163
137 794
-0.153860 0.001022 -0.988092 6.241408
0.003866 0.999992 0.000432 -0.016739
0.988085 -0.003754 -0.153863 0.196775
138 804
-0.045204 0.000661 -0.998978 5.887235
0.003398 0.999994 0.000508 -0.017168
0.998972 -0.003372 -0.045206 0.179341
139 814
0.032711 0.000005 -0.999465 5.497946
0.002270 0.999997 0.000079 -0.012033
0.999462 -0.002272 0.032711 0.156109
140 824
0.061403 0.000054 -0.998113 4.954330
0.003059 0.999995 0.000243 -0.015146
0.998108 -0.003068 0.061402 0.135779
141 834
0.053127 0.001473 -0.998587 4.284088
0.003400 0.999993 0.001656 -0.013817
0.998582 -0.003483 0.053121 0.120678
142 848
0.003319 0.001452 -0.999993 3.257963
0.003456 0.999993 0.001463 -0.010840
0.999989 -0.003461 0.003314 0.110633
143 873
-0.066752 -0.000509 -0.997769 1.569918
0.000049 1.000000 -0.000513 -0.002859
0.997770 -0.000083 -0.066752 0.166595
144 885
-0.036885 -0.000114 -0.999320 1.002163
-0.000127 1.000000 -0.000110 0.000287
0.999320 0.000123 -0.036885 0.239522
145 899
0.092740 -0.000834 -0.995690 0.618866
0.000084 1.000000 -0.000830 -0.002804
0.995690 -0.000007 0.092740 0.358398
147 956
0.901005 -0.000085 -0.433809 0.195971
0.000195 1.000000 0.000208 -0.000430
0.433809 -0.000272 0.901005 1.103615
148 966
0.961848 0.000228 -0.273586 0.200876
-0.000209 1.000000 0.000100 -0.002404
0.273586 -0.000039 0.961848 1.265693
149 990
0.999989 -0.000236 0.004709 0.178236
0.000235 1.000000 0.000186 -0.001856
-0.004709 -0.000184 0.999989 1.678388
150 1008
0.995567 0.000020 0.094059 0.141568
0.000015 1.000000 -0.000370 -0.000586
-0.094059 0.000370 0.995567 2.066812
152 1044
0.992792 -0.000010 0.119852 0.132139
0.000060 1.000000 -0.000411 -0.000082
-0.119852 0.000415 0.992792 3.047124
153 1054
0.994573 0.000335 0.104038 0.139761
-0.000274 1.000000 -0.000604 -0.000894
-0.104038 0.000572 0.994573 3.323277
154 1069
0.997529 -0.000080 0.070251 0.153013
0.000114 1.000000 -0.000483 0.001648
-0.070251 0.000490 0.997529 3.699111
155 1089
0.999593 0.000500 0.028527 0.170357
-0.000474 0.999999 -0.000902 -0.000247
-0.028528 0.000888 0.999593 4.080386

0
0.000000 0.000000 0.000000 -nan
0.000000 0.000000 0.000000 -nan
-nan 0.000000 0.000000 -nan
1
0.000000 0.000000 0.000000 -nan
0.000000 0.000000 0.000000 -nan
-nan 0.000000 0.000000 -nan
2
0.000000 0.000000 0.000000 -nan
0.000000 0.000000 0.000000 -nan
-nan 0.000000 0.000000 -nan
3
0.000000 0.000000 0.000000 -nan
0.000000 0.000000 0.000000 -nan
-nan 0.000000 0.000000 -nan
4
0.000000 0.000000 0.000000 -nan
0.000000 0.000000 0.000000 -nan
-nan 0.000000 0.000000 -nan
5
0.000000 0.000000 0.000000 -nan
0.000000 0.000000 0.000000 -nan
-nan 0.000000 0.000000 -nan
6
0.000000 0.000000 0.000000 -nan
0.000000 0.000000 0.000000 -nan
-nan 0.000000 0.000000 -nan
7
0.000000 0.000000 0.000000 -nan
0.000000 0.000000 0.000000 -nan
-nan 0.000000 0.000000 -nan
8
0.000000 0.000000 0.000000 -nan
0.000000 0.000000 0.000000 -nan
-nan 0.000000 0.000000 -nan
9
0.000000 0.000000 0.000000 -nan
0.000000 0.000000 0.000000 -nan
-nan 0.000000 0.000000 -nan
10
0.000000 0.000000 0.000000 -nan
0.000000 0.000000 0.000000 -nan
-nan 0.000000 0.000000 -nan
11
0.000000 0.000000 0.000000 -nan
0.000000 0.000000 0.000000 -nan
-nan 0.000000 0.000000 -nan
12
0.000000 0.000000 0.000000 -nan
0.000000 0.000000 0.000000 -nan
-nan 0.000000 0.000000 -nan
13
0.000000 0.000000 0.000000 -nan
0.000000 0.000000 0.000000 -nan
-nan 0.000000 0.000000 -nan
14
0.000000 0.000000 0.000000 -nan
0.000000 0.000000 0.000000 -nan
-nan 0.000000 0.000000 -nan
15
0.999997 0.000575 -0.002257 -0.001473
-0.000576 1.000000 -0.000470 0.000285
0.002256 0.000471 0.999997 0.040733
16
0.999993 0.000981 -0.003567 -0.002571
-0.000985 0.999999 -0.001096 -0.001027
0.003566 0.001099 0.999993 0.048498
17
0.999997 0.000452 -0.002310 -0.002321
-0.000453 1.000000 -0.000759 -0.001625
0.002309 0.000760 0.999997 0.056869
18
0.999991 0.000317 -0.004206 -0.002919
-0.000321 1.000000 -0.000743 -0.000413
0.004206 0.000745 0.999991 0.066326
19
0.999987 0.000688 -0.004964 -0.003445
-0.000692 0.999999 -0.000850 -0.001971
0.004963 0.000854 0.999987 0.076665
20
0.999987 0.000814 -0.004986 -0.004154
-0.000822 0.999999 -0.001514 -0.001012
0.004985 0.001518 0.999986 0.087176
21
0.999978 -0.000008 -0.006604 -0.005304
-0.000002 0.999999 -0.001506 0.000502
0.006604 0.001506 0.999977 0.098704
22
0.999974 0.000193 -0.007220 -0.005218
-0.000196 1.000000 -0.000515 -0.000946
0.007220 0.000516 0.999974 0.104177
23
0.999971 0.000390 -0.007639 -0.006550
-0.000390 1.000000 0.000050 0.000715
0.007639 -0.000047 0.999971 0.116686
24
0.999954 0.000512 -0.009563 -0.006512
-0.000511 1.000000 0.000073 -0.000905
0.009563 -0.000069 0.999954 0.128585
25
0.999958 0.000482 -0.009137 -0.007080
-0.000481 1.000000 0.000055 -0.000715
0.009137 -0.000051 0.999958 0.140782
26
0.999925 0.000643 -0.012190 -0.006860
-0.000630 0.999999 0.001045 0.000538
0.012191 -0.001037 0.999925 0.145854
27
0.999905 0.000566 -0.013794 -0.007754
-0.000556 1.000000 0.000734 -0.001648
0.013794 -0.000726 0.999905 0.159266
28
0.999899 0.000504 -0.014227 -0.008480
-0.000486 0.999999 0.001270 0.000147
0.014228 -0.001263 0.999898 0.173556
29
0.999853 0.000392 -0.017139 -0.009020
-0.000364 0.999999 0.001658 0.001923
0.017140 -0.001652 0.999852 0.181127
30
0.999855 0.000226 -0.017021 -0.010621
-0.000202 0.999999 0.001424 -0.000797
0.017021 -0.001420 0.999854 0.195355
31
0.999834 0.000534 -0.018189 -0.011068
-0.000506 0.999999 0.001573 0.001492
0.018189 -0.001563 0.999833 0.209809
32
0.999791 0.000660 -0.020417 -0.011482
-0.000620 0.999998 0.001982 -0.000348
0.020419 -0.001969 0.999790 0.225199
33
0.999786 0.000563 -0.020683 -0.012387
-0.000548 1.000000 0.000746 -0.001062
0.020684 -0.000735 0.999786 0.230865
34
0.999716 0.000453 -0.023820 -0.012928
-0.000420 0.999999 0.001386 0.000256
0.023821 -0.001375 0.999715 0.246237
35
0.999673 0.000546 -0.025580 -0.012814
-0.000528 1.000000 0.000698 -0.002145
0.025581 -0.000685 0.999673 0.255826
36
0.999653 0.000382 -0.026349 -0.013865
-0.000363 1.000000 0.000706 -0.000249
0.026349 -0.000697 0.999653 0.271680
37
0.999560 0.000393 -0.029645 -0.014259
-0.000353 0.999999 0.001351 0.001073
0.029646 -0.001340 0.999560 0.283294
38
0.999564 0.000384 -0.029521 -0.015427
-0.000362 1.000000 0.000752 -0.001095
0.029521 -0.000741 0.999564 0.299635
39
0.999528 0.000279 -0.030724 -0.016384
-0.000267 1.000000 0.000396 0.001763
0.030725 -0.000388 0.999528 0.316471
40
0.999441 0.000202 -0.033441 -0.016544
-0.000188 1.000000 0.000439 -0.000205
0.033441 -0.000432 0.999441 0.332673
41
0.999437 0.000453 -0.033544 -0.017709
-0.000444 1.000000 0.000271 -0.000146
0.033544 -0.000256 0.999437 0.349971
42
0.999327 0.000359 -0.036692 -0.018747
-0.000346 1.000000 0.000372 0.000871
0.036692 -0.000360 0.999327 0.365452
43
0.999274 0.000321 -0.038087 -0.019225
-0.000324 1.000000 -0.000063 -0.001362
0.038087 0.000075 0.999274 0.383598
44
0.999220 0.000210 -0.039483 -0.020457
-0.000200 1.000000 0.000275 -0.000127
0.039483 -0.000267 0.999220 0.402836
45
0.999092 0.000279 -0.042610 -0.021271
-0.000258 1.000000 0.000504 0.000611
0.042610 -0.000493 0.999092 0.419711
46
0.999097 0.000666 -0.042474 -0.022599
-0.000669 1.000000 -0.000052 -0.001225
0.042474 0.000080 0.999098 0.438292
47
0.999030 0.000127 -0.044030 -0.022693
-0.000127 1.000000 -0.000004 0.000993
0.044030 0.000010 0.999030 0.457226
48
0.998912 0.000303 -0.046632 -0.023956
-0.000320 1.000000 -0.000378 -0.000350
0.046632 0.000392 0.998912 0.477259
49
0.998907 0.000654 -0.046734 -0.025091
-0.000664 1.000000 -0.000210 -0.001200
0.046734 0.000240 0.998907 0.497048
50
0.998728 0.000292 -0.050426 -0.025253
-0.000295 1.000000 -0.000064 0.000248
0.050426 0.000079 0.998728 0.517082
51
0.998650 0.000653 -0.051941 -0.026139
-0.000683 1.000000 -0.000557 -0.001771
0.051941 0.000592 0.998650 0.537190
52
0.998582 0.000554 -0.053227 -0.027315
-0.000558 1.000000 -0.000070 -0.000403
0.053227 0.000100 0.998582 0.558562
53
0.998379 0.000437 -0.056922 -0.027394
-0.000449 1.000000 -0.000197 0.001264
0.056922 0.000222 0.998379 0.579411
54
0.998364 0.000752 -0.057180 -0.029066
-0.000769 1.000000 -0.000278 -0.001024
0.057179 0.000322 0.998364 0.600787
55
0.998253 0.000502 -0.059080 -0.029702
-0.000492 1.000000 0.000185 0.000967
0.059080 -0.000156 0.998253 0.622889
56
0.998107 0.000985 -0.061501 -0.030608
-0.000978 1.000000 0.000138 -0.001179
0.061501 -0.000078 0.998107 0.644865
57
0.998100 0.000854 -0.061615 -0.032053
-0.000872 1.000000 -0.000259 -0.001280
0.061614 0.000313 0.998100 0.667033
58
0.997860 0.000611 -0.065383 -0.032213
-0.000594 1.000000 0.000283 0.000711
0.065383 -0.000244 0.997860 0.690616
59
0.997778 0.000769 -0.066624 -0.033732
-0.000749 1.000000 0.000326 -0.001209
0.066624 -0.000276 0.997778 0.713390
60
0.997668 0.000894 -0.068254 -0.034146
-0.000865 1.000000 0.000452 -0.000244
0.068254 -0.000392 0.997668 0.736735
61
0.997447 0.000264 -0.071412 -0.035446
-0.000248 1.000000 0.000223 0.001389
0.071412 -0.000205 0.997447 0.762292
62
0.997431 0.000662 -0.071634 -0.036091
-0.000670 1.000000 -0.000082 -0.001529
0.071634 0.000129 0.997431 0.786290
63
0.997331 0.000358 -0.073015 -0.037275
-0.000341 1.000000 0.000235 0.001546
0.073015 -0.000209 0.997331 0.808931
64
0.997134 0.000364 -0.075649 -0.037935
-0.000376 1.000000 -0.000148 -0.001108
0.075649 0.000176 0.997134 0.834809
65
0.997132 0.000679 -0.075675 -0.038978
-0.000705 1.000000 -0.000316 -0.001006
0.075674 0.000368 0.997133 0.859097
66
0.996874 0.000559 -0.079003 -0.039773
-0.000574 1.000000 -0.000173 0.000702
0.079002 0.000218 0.996874 0.884101
67
0.996740 0.000616 -0.080678 -0.040934
-0.000636 1.000000 -0.000227 -0.002088
0.080678 0.000277 0.996740 0.908548
68
0.996587 0.000786 -0.082540 -0.041251
-0.000793 1.000000 -0.000044 -0.000803
0.082540 0.000109 0.996588 0.931471
69
0.996305 0.000390 -0.085890 -0.041227
-0.000398 1.000000 -0.000075 0.001261
0.085890 0.000109 0.996305 0.956587
70
0.996279 0.000695 -0.086186 -0.042588
-0.000738 1.000000 -0.000462 -0.001451
0.086186 0.000524 0.996279 0.982795
71
0.996161 0.000365 -0.087535 -0.043436
-0.000369 1.000000 -0.000038 0.000804
0.087535 0.000070 0.996161 1.007044
72
0.995928 0.000875 -0.090151 -0.044049
-0.000907 1.000000 -0.000321 -0.000342
0.090151 0.000402 0.995928 1.032985
73
0.995876 0.000790 -0.090725 -0.045284
-0.000843 0.999999 -0.000546 -0.001122
0.090725 0.000620 0.995876 1.057994
74
0.995581 0.000652 -0.093901 -0.046100
-0.000627 1.000000 0.000295 0.000492
0.093901 -0.000235 0.995581 1.084390
75
0.995443 0.000666 -0.095360 -0.046722
-0.000683 1.000000 -0.000143 -0.001716
0.095360 0.000207 0.995443 1.110119
76
0.995329 0.000450 -0.096540 -0.047690
-0.000455 1.000000 -0.000036 -0.000296
0.096540 0.000079 0.995329 1.136677
77
0.995071 0.000261 -0.099164 -0.049042
-0.000249 1.000000 0.000132 0.001287
0.099164 -0.000107 0.995071 1.163214
78
0.995045 0.000202 -0.099421 -0.049948
-0.000237 1.000000 -0.000343 -0.001184
0.099421 0.000365 0.995045 1.188658
79
0.994944 0.000304 -0.100435 -0.050674
-0.000283 1.000000 0.000228 0.001136
0.100435 -0.000198 0.994944 1.215273
80
0.994667 0.000494 -0.103133 -0.051071
-0.000502 1.000000 -0.000048 -0.000319
0.103133 0.000100 0.994668 1.242422
81
0.994635 0.000785 -0.103445 -0.051465
-0.000796 1.000000 -0.000073 -0.001313
0.103445 0.000155 0.994635 1.266221
82
0.994356 0.000355 -0.106091 -0.052743
-0.000329 1.000000 0.000265 0.000487
0.106091 -0.000228 0.994356 1.293172
83
0.994220 0.000777 -0.107359 -0.053098
-0.000789 1.000000 -0.000070 -0.002422
0.107359 0.000154 0.994220 1.319859
84
0.994115 0.000413 -0.108331 -0.054459
-0.000372 1.000000 0.000397 -0.001183
0.108332 -0.000354 0.994115 1.345974
85
0.993775 -0.000096 -0.111406 -0.054982
0.000133 1.000000 0.000329 0.000876
0.111406 -0.000342 0.993775 1.377592
86
0.993807 0.000661 -0.111122 -0.056041
-0.000633 1.000000 0.000285 -0.001461
0.111122 -0.000213 0.993807 1.405260
87
0.993689 0.000412 -0.112169 -0.056386
-0.000344 1.000000 0.000623 0.000559
0.112169 -0.000581 0.993689 1.432271
88
0.993452 0.000696 -0.114247 -0.057030
-0.000684 1.000000 0.000140 -0.001052
0.114247 -0.000061 0.993452 1.459954
89
0.993500 0.000692 -0.113826 -0.057410
-0.000673 1.000000 0.000199 -0.001658
0.113826 -0.000121 0.993501 1.484442
90
0.993165 0.000219 -0.116720 -0.058531
-0.000176 1.000000 0.000371 0.000441
0.116720 -0.000348 0.993165 1.512473
91
0.993039 0.000450 -0.117782 -0.058901
-0.000469 1.000000 -0.000136 -0.002144
0.117782 0.000190 0.993039 1.539361
92
0.992991 0.000605 -0.118186 -0.058962
-0.000575 1.000000 0.000284 -0.000754
0.118186 -0.000215 0.992991 1.567361
93
0.992738 0.000349 -0.120295 -0.059851
-0.000320 1.000000 0.000264 0.000536
0.120296 -0.000224 0.992738 1.592814
94
0.992824 0.000414 -0.119581 -0.061164
-0.000390 1.000000 0.000220 -0.001152
0.119581 -0.000172 0.992824 1.621479
95
0.992677 0.000351 -0.120796 -0.060920
-0.000328 1.000000 0.000214 0.000223
0.120796 -0.000173 0.992677 1.648878
96
0.992427 0.000304 -0.122839 -0.061483
-0.000296 1.000000 0.000079 -0.001328
0.122839 -0.000042 0.992427 1.675928
97
0.992524 0.000486 -0.122046 -0.062440
-0.000432 1.000000 0.000467 -0.001544
0.122047 -0.000411 0.992524 1.703558
98
0.992250 0.000079 -0.124261 -0.061987
-0.000048 1.000000 0.000255 0.000462
0.124261 -0.000247 0.992249 1.726326
99
0.992132 0.000551 -0.125197 -0.062616
-0.000545 1.000000 0.000083 -0.002045
0.125197 -0.000014 0.992132 1.755172
100
0.992126 0.000344 -0.125244 -0.062776
-0.000320 1.000000 0.000209 -0.000472
0.125244 -0.000167 0.992126 1.782156
101
0.991888 0.000098 -0.127114 -0.062831
-0.000029 1.000000 0.000544 0.000402
0.127114 -0.000536 0.991888 1.809946
102
0.992062 0.000156 -0.125746 -0.063003
-0.000200 1.000000 -0.000337 -0.002035
0.125746 0.000359 0.992062 1.837764
103
0.991967 0.000230 -0.126494 -0.062496
-0.000250 1.000000 -0.000143 0.000376
0.126494 0.000173 0.991967 1.865339
104
0.991832 0.000254 -0.127552 -0.063300
-0.000270 1.000000 -0.000109 -0.001095
0.127552 0.000142 0.991832 1.892882
105
0.992004 0.000144 -0.126206 -0.063206
-0.000171 1.000000 -0.000200 -0.002311
0.126206 0.000220 0.992004 1.920535
106
0.991754 0.000010 -0.128158 -0.064169
-0.000022 1.000000 -0.000090 0.000541
0.128158 0.000092 0.991754 1.947434
107
0.991725 0.000312 -0.128380 -0.064211
-0.000345 1.000000 -0.000236 -0.002155
0.128380 0.000278 0.991725 1.974782
108
0.991776 0.000336 -0.127983 -0.064256
-0.000353 1.000000 -0.000113 -0.000730
0.127983 0.000157 0.991776 2.002111
109
0.991614 0.000171 -0.129238 -0.064124
-0.000155 1.000000 0.000134 0.000242
0.129238 -0.000113 0.991614 2.029849
110
0.991796 0.000587 -0.127832 -0.063796
-0.000609 1.000000 -0.000130 -0.002598
0.127832 0.000207 0.991796 2.064518
111
0.991815 0.000181 -0.127681 -0.064279
-0.000145 1.000000 0.000291 0.000195
0.127681 -0.000270 0.991815 2.091121
112
0.991704 0.000350 -0.128541 -0.063637
-0.000340 1.000000 0.000101 -0.001534
0.128541 -0.000057 0.991704 2.118971
113
0.991890 0.000219 -0.127100 -0.063720
-0.000254 1.000000 -0.000252 -0.001876
0.127100 0.000282 0.991890 2.146030
114
0.991807 0.000312 -0.127743 -0.064462
-0.000314 1.000000 0.000007 0.000975
0.127743 0.000033 0.991807 2.179990
115
0.991846 0.000270 -0.127439 -0.064213
-0.000328 1.000000 -0.000428 -0.001624
0.127439 0.000466 0.991846 2.206927
116
0.991972 0.000525 -0.126453 -0.064252
-0.000560 1.000000 -0.000246 -0.001063
0.126453 0.000314 0.991973 2.234290
117
0.991824 -0.000055 -0.127611 -0.064597
0.000035 1.000000 -0.000159 0.000633
0.127611 0.000153 0.991824 2.261442
118
0.992056 0.000050 -0.125793 -0.064913
-0.000072 1.000000 -0.000167 -0.002773
0.125793 0.000174 0.992056 2.288154
119
0.992180 -0.000370 -0.124812 -0.064885
0.000354 1.000000 -0.000148 0.000747
0.124812 0.000103 0.992180 2.313293
120
0.992144 0.000300 -0.125097 -0.063929
-0.000290 1.000000 0.000100 -0.000784
0.125097 -0.000063 0.992144 2.340346
121
0.992418 0.000240 -0.122905 -0.063653
-0.000227 1.000000 0.000114 -0.001646
0.122905 -0.000086 0.992418 2.366743
122
0.992354 0.000184 -0.123427 -0.063202
-0.000130 1.000000 0.000448 0.001738
0.123427 -0.000428 0.992354 2.391757
123
0.992500 0.000254 -0.122241 -0.062455
-0.000305 1.000000 -0.000400 -0.002606
0.122240 0.000434 0.992500 2.417120
124
0.992674 0.000415 -0.120821 -0.061358
-0.000460 1.000000 -0.000350 -0.001178
0.120821 0.000403 0.992674 2.442001
125
0.992706 -0.000143 -0.120556 -0.061582
0.000134 1.000000 -0.000080 0.000087
0.120556 0.000063 0.992706 2.468557
126
0.992994 0.000019 -0.118169 -0.061035
-0.000021 1.000000 -0.000015 -0.001527
0.118169 0.000017 0.992994 2.493974
127
0.993174 0.000358 -0.116642 -0.059426
-0.000317 1.000000 0.000373 0.001131
0.116642 -0.000333 0.993174 2.517861
128
0.993200 0.000083 -0.116424 -0.059593
-0.000051 1.000000 0.000274 -0.000440
0.116424 -0.000266 0.993200 2.544252
129
0.993553 0.000043 -0.113365 -0.058356
-0.000042 1.000000 0.000010 -0.001328
0.113365 -0.000006 0.993553 2.568374
130
0.993591 0.000233 -0.113031 -0.058398
-0.000239 1.000000 -0.000034 0.000451
0.113031 0.000061 0.993591 2.593145
131
0.993778 0.000287 -0.111382 -0.057207
-0.000268 1.000000 0.000187 -0.002413
0.111382 -0.000156 0.993778 2.617802
132
0.994057 0.000320 -0.108861 -0.056335
-0.000277 1.000000 0.000407 -0.000589
0.108861 -0.000374 0.994057 2.641589
133
0.994088 0.000371 -0.108574 -0.054855
-0.000331 1.000000 0.000391 0.000879
0.108574 -0.000353 0.994088 2.663625
134
0.994396 0.000472 -0.105716 -0.054350
-0.000449 1.000000 0.000245 -0.002093
0.105716 -0.000196 0.994396 2.688588
135
0.994693 0.000231 -0.102889 -0.053342
-0.000179 1.000000 0.000519 0.000341
0.102889 -0.000498 0.994693 2.712706
136
0.994801 0.000332 -0.101841 -0.052223
-0.000311 1.000000 0.000223 -0.001622
0.101841 -0.000190 0.994801 2.736056
137
0.995189 0.000629 -0.097970 -0.051035
-0.000649 1.000000 -0.000171 -0.001863
0.097970 0.000233 0.995189 2.757612
138
0.995353 0.000397 -0.096291 -0.049753
-0.000384 1.000000 0.000148 -0.000201
0.096291 -0.000111 0.995353 2.780744
139
0.995559 0.000584 -0.094138 -0.048327
-0.000556 1.000000 0.000323 -0.002863
0.094138 -0.000270 0.995559 2.804782
140
0.995854 0.000879 -0.090962 -0.047512
-0.000889 1.000000 -0.000073 0.000635
0.090962 0.000154 0.995854 2.827396
141
0.995980 0.000378 -0.089571 -0.046218
-0.000377 1.000000 0.000022 0.000417
0.089571 0.000012 0.995980 2.848812
142
0.996299 0.000607 -0.085956 -0.043951
-0.000619 1.000000 -0.000108 -0.002787
0.085956 0.000161 0.996299 2.873193
143
0.996599 0.000739 -0.082398 -0.042905
-0.000752 1.000000 -0.000124 0.000622
0.082398 0.000185 0.996599 2.894704
144
0.996801 0.000848 -0.079916 -0.041221
-0.000856 1.000000 -0.000074 -0.000750
0.079916 0.000142 0.996802 2.917406
145
0.997111 0.000789 -0.075950 -0.039343
-0.000805 1.000000 -0.000183 -0.001829
0.075950 0.000244 0.997112 2.939548
146
0.997287 0.000584 -0.073604 -0.038192
-0.000607 1.000000 -0.000280 0.000808
0.073604 0.000324 0.997288 2.963520
147
0.997518 0.000636 -0.070409 -0.037113
-0.000631 1.000000 0.000091 -0.002216
0.070409 -0.000046 0.997518 2.985200
148
0.997759 0.000655 -0.066912 -0.035031
-0.000657 1.000000 -0.000011 -0.000733
0.066912 0.000055 0.997759 3.005811
149
0.997944 0.000608 -0.064094 -0.033355
-0.000641 1.000000 -0.000487 0.001619
0.064094 0.000527 0.997944 3.026792
150
0.998228 0.000750 -0.059500 -0.031178
-0.000750 1.000000 0.000014 -0.001149
0.059500 0.000030 0.998228 3.047817
151
0.998449 0.000763 -0.055668 -0.029075
-0.000761 1.000000 0.000057 0.002025
0.055668 -0.000015 0.998449 3.067396
152
0.998625 0.000478 -0.052416 -0.028451
-0.000490 1.000000 -0.000210 -0.000382
0.052416 0.000235 0.998625 3.083744
153
0.998871 0.000866 -0.047496 -0.025351
-0.000874 1.000000 -0.000147 -0.000531
0.047496 0.000188 0.998871 3.103361
154
0.999030 0.000630 -0.044028 -0.024075
-0.000640 1.000000 -0.000213 0.001564
0.044027 0.000241 0.999030 3.122336
155
0.999196 0.000797 -0.040096 -0.021906
-0.000803 1.000000 -0.000139 -0.001555
0.040096 0.000171 0.999196 3.140620
156
0.999376 0.000901 -0.035299 -0.019192
-0.000906 1.000000 -0.000124 -0.000505
0.035299 0.000156 0.999377 3.159783
157
0.999523 0.001009 -0.030879 -0.017489
-0.001024 0.999999 -0.000496 0.002843
0.030879 0.000528 0.999523 3.181319
158
0.999681 0.001080 -0.025247 -0.014601
-0.001091 0.999999 -0.000427 -0.000470
0.025247 0.000454 0.999681 3.198893
159
0.999793 0.000435 -0.020320 -0.011805
-0.000441 1.000000 -0.000269 0.001469
0.020319 0.000278 0.999794 3.216144
160
0.999869 0.000566 -0.016161 -0.010801
-0.000567 1.000000 -0.000050 0.000287
0.016161 0.000060 0.999869 3.232834
161
0.999960 0.000822 -0.008932 -0.006755
-0.000826 1.000000 -0.000344 0.000111
0.008932 0.000351 0.999960 3.247047
162
0.999991 0.000598 -0.004210 -0.004092
-0.000600 1.000000 -0.000427 0.001186
0.004210 0.000430 0.999991 3.262820
163
0.999999 0.000653 0.001278 -0.001470
-0.000653 1.000000 -0.000387 -0.000742
-0.001278 0.000387 0.999999 3.279123
164
0.999972 0.000639 0.007477 0.001369
-0.000636 1.000000 -0.000436 0.000356
-0.007477 0.000431 0.999972 3.295096
165
0.999921 0.000523 0.012546 0.003146
-0.000519 1.000000 -0.000370 0.002066
-0.012546 0.000363 0.999921 3.310711
166
0.999779 0.000980 0.021021 0.005768
-0.000964 0.999999 -0.000732 0.000736
-0.021022 0.000712 0.999779 3.331414
167
0.999598 0.000199 0.028360 0.007672
-0.000179 1.000000 -0.000698 0.002268
-0.028360 0.000692 0.999598 3.347166
168
0.999406 0.000739 0.034466 0.010261
-0.000712 0.999999 -0.000786 0.000281
-0.034467 0.000761 0.999406 3.362210
169
0.999043 0.000595 0.043725 0.011717
-0.000575 1.000000 -0.000465 -0.000208
-0.043725 0.000440 0.999043 3.378259
170
0.998741 0.000261 0.050168 0.013007
-0.000230 1.000000 -0.000632 0.001163
-0.050168 0.000619 0.998741 3.393630
171
0.998293 0.000780 0.058405 0.014125
-0.000733 0.999999 -0.000829 -0.000994
-0.058405 0.000784 0.998293 3.407547
172
0.997703 0.000540 0.067732 0.015464
-0.000491 1.000000 -0.000736 0.000603
-0.067733 0.000701 0.997703 3.422467
173
0.997179 0.000309 0.075055 0.016448
-0.000234 0.999999 -0.001015 0.003297
-0.075055 0.000995 0.997179 3.436971
174
0.996350 0.000812 0.085352 0.016801
-0.000767 1.000000 -0.000565 0.000384
-0.085353 0.000497 0.996351 3.452974
175
0.995473 0.000522 0.095045 0.018640
-0.000441 1.000000 -0.000875 0.001929
-0.095046 0.000829 0.995473 3.466657
176
0.994633 0.000482 0.103467 0.018615
-0.000415 1.000000 -0.000674 -0.000138
-0.103468 0.000627 0.994633 3.482802
177
0.993356 0.000587 0.115077 0.019636
-0.000576 1.000000 -0.000133 -0.000867
-0.115077 0.000066 0.993357 3.497164
178
0.992294 0.000236 0.123904 0.019742
-0.000164 1.000000 -0.000594 0.001245
-0.123905 0.000569 0.992294 3.512448
179
0.990966 0.000456 0.134113 0.019929
-0.000406 1.000000 -0.000401 -0.001269
-0.134113 0.000343 0.990966 3.527391
180
0.989361 0.000373 0.145480 0.020049
-0.000311 1.000000 -0.000448 -0.000245
-0.145480 0.000398 0.989361 3.542317
181
0.987946 0.000214 0.154798 0.020606
-0.000144 1.000000 -0.000462 0.001141
-0.154798 0.000434 0.987946 3.557485
182
0.985844 0.000539 0.167666 0.019502
-0.000460 1.000000 -0.000513 -0.002145
-0.167667 0.000429 0.985844 3.571567
183
0.983871 0.000168 0.178879 0.020937
-0.000056 1.000000 -0.000629 0.001105
-0.178879 0.000608 0.983871 3.585977
184
0.982009 0.000262 0.188832 0.021518
-0.000156 1.000000 -0.000573 -0.000458
-0.188832 0.000533 0.982009 3.600625
185
0.979285 0.000337 0.202485 0.021119
-0.000313 1.000000 -0.000150 -0.002156
-0.202485 0.000084 0.979285 3.614137
186
0.976997 0.000157 0.213252 0.021962
0.000011 1.000000 -0.000790 0.000402
-0.213252 0.000774 0.976997 3.632525
187
0.974315 0.000382 0.225191 0.021342
-0.000206 1.000000 -0.000809 -0.001985
-0.225191 0.000742 0.974314 3.647409
188
0.971222 0.000062 0.238176 0.021116
0.000082 1.000000 -0.000593 -0.000830
-0.238176 0.000595 0.971222 3.661712
189
0.968647 0.000147 0.248441 0.021761
0.000080 1.000000 -0.000903 0.000311
-0.248441 0.000895 0.968647 3.675132
190
0.964903 0.000522 0.262606 0.020588
-0.000312 1.000000 -0.000841 -0.001662
-0.262606 0.000730 0.964903 3.689077
191
0.961437 -0.000090 0.275025 0.020743
0.000213 1.000000 -0.000418 0.001674
-0.275025 0.000461 0.961437 3.703135
192
0.957978 0.000466 0.286842 0.019927
-0.000433 1.000000 -0.000179 -0.000511
-0.286842 0.000047 0.957978 3.716500
193
0.953569 0.000367 0.301175 0.019900
-0.000258 1.000000 -0.000401 -0.000600
-0.301175 0.000305 0.953569 3.730208
194
0.949767 0.000184 0.312959 0.020347
0.000062 1.000000 -0.000774 0.001285
-0.312959 0.000755 0.949766 3.742379
195
0.945417 0.000583 0.325863 0.019317
-0.000565 1.000000 -0.000153 -0.002473
-0.325863 -0.000040 0.945417 3.757671
196
0.940511 0.000262 0.339763 0.020283
-0.000170 1.000000 -0.000302 0.000073
-0.339763 0.000226 0.940511 3.773384
197
0.936066 0.000220 0.351824 0.019330
-0.000026 1.000000 -0.000555 0.001872
-0.351824 0.000510 0.936066 3.786711
198
0.930380 0.000304 0.366596 0.018681
-0.000058 1.000000 -0.000684 -0.000952
-0.366596 0.000615 0.930380 3.800017
199
0.924937 0.000135 0.380120 0.018718
0.000161 1.000000 -0.000745 0.002198
-0.380120 0.000750 0.924937 3.813258
200
0.919885 0.000119 0.392188 0.018206
0.000059 1.000000 -0.000443 0.000054
-0.392188 0.000430 0.919885 3.826074
201
0.913217 0.000478 0.407473 0.017395
-0.000290 1.000000 -0.000524 -0.000556
-0.407473 0.000361 0.913217 3.838232
202
0.908031 0.000266 0.418903 0.018054
0.000131 1.000000 -0.000919 0.001772
-0.418903 0.000889 0.908030 3.849751
203
0.901731 0.000528 0.432298 0.017422
-0.000128 1.000000 -0.000954 -0.001461
-0.432298 0.000805 0.901730 3.861997
204
0.894768 0.000545 0.446531 0.017440
-0.000165 1.000000 -0.000889 0.000265
-0.446532 0.000722 0.894767 3.874948
205
0.888801 0.000031 0.458293 0.017430
0.000309 1.000000 -0.000666 0.001457
-0.458293 0.000733 0.888801 3.887459
206
0.880898 0.000642 0.473305 0.017281
-0.000201 0.999999 -0.000983 -0.001089
-0.473305 0.000771 0.880898 3.899763
207
0.873412 -0.000124 0.486982 0.016908
0.000473 1.000000 -0.000594 0.001456
-0.486981 0.000750 0.873412 3.909568
208
0.866491 0.000405 0.499193 0.016834
-0.000219 1.000000 -0.000431 -0.000066
-0.499193 0.000264 0.866491 3.921647
209
0.857695 0.000701 0.514158 0.017009
-0.000251 1.000000 -0.000945 -0.000369
-0.514159 0.000682 0.857695 3.933722
210
0.850495 0.000122 0.525984 0.018581
0.000250 1.000000 -0.000636 0.001717
-0.525984 0.000672 0.850494 3.946019
211
0.842134 0.000548 0.539268 0.018246
-0.000054 1.000000 -0.000933 -0.000711
-0.539268 0.000756 0.842134 3.957661
212
0.833211 0.000103 0.552956 0.018585
0.000291 1.000000 -0.000626 0.000045
-0.552956 0.000682 0.833210 3.970407
213
0.825407 -0.000115 0.564538 0.019395
0.000550 1.000000 -0.000602 0.001682
-0.564538 0.000807 0.825407 3.978382
214
0.815537 0.000624 0.578704 0.020790
-0.000216 1.000000 -0.000774 -0.000808
-0.578704 0.000506 0.815537 3.990012
215
0.805904 0.000055 0.592047 0.021441
0.000474 1.000000 -0.000738 0.002091
-0.592047 0.000876 0.805903 4.001311
216
0.797336 0.000344 0.603536 0.022157
0.000017 1.000000 -0.000593 0.000054
-0.603536 0.000483 0.797336 4.012964
217
0.786250 0.000463 0.617908 0.022755
-0.000205 1.000000 -0.000488 -0.001038
-0.617908 0.000258 0.786250 4.024978
218
0.777395 -0.000098 0.629013 0.024528
0.000626 1.000000 -0.000617 0.001750
-0.629012 0.000873 0.777395 4.035662
219
0.767044 0.000764 0.641594 0.025235
-0.000208 1.000000 -0.000942 -0.001370
-0.641595 0.000589 0.767043 4.046803
220
0.756124 0.000770 0.654428 0.027161
-0.000162 0.999999 -0.000990 0.000821
-0.654428 0.000643 0.756124 4.057954
221
0.746899 0.000267 0.664937 0.028818
0.000150 1.000000 -0.000571 0.001744
-0.664937 0.000526 0.746899 4.068936
222
0.734750 0.000829 0.678338 0.030314
-0.000159 0.999999 -0.001049 -0.001198
-0.678338 0.000663 0.734750 4.080551
223
0.723512 0.000083 0.690312 0.031951
0.000497 1.000000 -0.000641 0.002168
-0.690312 0.000807 0.723512 4.091487
224
0.713144 0.000209 0.701017 0.033613
0.000108 1.000000 -0.000408 -0.000390
-0.701017 0.000367 0.713144 4.101699
225
0.700416 0.000777 0.713734 0.036903
0.000033 0.999999 -0.001122 -0.000426
-0.713735 0.000809 0.700416 4.114133
226
0.689684 0.000281 0.724110 0.039204
0.000166 1.000000 -0.000546 0.000887
-0.724110 0.000497 0.689684 4.125547
227
0.678080 0.000547 0.734988 0.041788
0.000058 1.000000 -0.000797 -0.001678
-0.734988 0.000583 0.678080 4.134966
228
0.665517 0.000386 0.746382 0.043812
0.000146 1.000000 -0.000647 -0.000368
-0.746382 0.000540 0.665517 4.144802
229
0.654539 -0.000204 0.756028 0.046798
0.000577 1.000000 -0.000229 0.001118
-0.756028 0.000586 0.654539 4.155430
230
0.641335 0.000560 0.767261 0.050505
-0.000067 1.000000 -0.000673 -0.001559
-0.767261 0.000380 0.641334 4.164274
231
0.628944 0.000236 0.777450 0.053960
0.000151 1.000000 -0.000425 0.001451
-0.777451 0.000385 0.628944 4.174581
232
0.617539 0.000376 0.786540 0.057626
