79
847
5288

72 361
-0.931872 0.003035 0.362775 4.026959
0.002608 0.999995 -0.001669 -0.005187
-0.362778 -0.000609 -0.931875 3.379858
8 25
0.999086 0.000536 -0.042730 -0.016356
-0.000508 1.000000 0.000664 0.000169
0.042731 -0.000642 0.999086 0.358131
64 309
-0.361458 0.003978 0.932380 3.885907
0.001039 0.999992 -0.003864 -0.002946
-0.932388 -0.000427 -0.361459 3.668508
0 0
1.000000 0.000000 0.000000 -0.000000
0.000000 1.000000 0.000000 -0.000000
0.000000 0.000000 1.000000 -0.000000
73 369
-0.966735 0.002866 0.255763 4.022095
0.002627 0.999996 -0.001274 -0.004524
-0.255765 -0.000560 -0.966739 3.305922
65 320
-0.513639 0.003588 0.857999 3.950071
0.001724 0.999994 -0.003150 -0.005177
-0.858005 -0.000139 -0.513642 3.627578
1 9
0.999990 0.000035 -0.004441 -0.001984
-0.000036 1.000000 -0.000274 0.000489
0.004441 0.000274 0.999990 0.047247
2 10
0.999974 -0.000257 -0.007263 -0.002306
0.000259 1.000000 0.000294 0.000850
0.007262 -0.000296 0.999974 0.059538
68 337
-0.730492 0.002694 0.682916 4.008213
0.001409 0.999996 -0.002439 -0.004606
-0.682920 -0.000820 -0.730493 3.546270
4 16
0.999807 0.000335 -0.019626 -0.007163
-0.000337 1.000000 -0.000104 0.000292
0.019626 0.000110 0.999807 0.153428
5 18
0.999700 0.000606 -0.024487 -0.008512
-0.000585 0.999999 0.000881 0.001391
0.024488 -0.000867 0.999700 0.192595
74 375
-0.983357 0.003302 0.181655 4.015989
0.003171 0.999994 -0.001013 -0.003391
-0.181657 -0.000420 -0.983362 3.243648
10 30
0.998277 0.000721 -0.058677 -0.022825
-0.000671 0.999999 0.000878 -0.000004
0.058678 -0.000837 0.998277 0.500513
78 399
-0.999451 0.002895 -0.033009 3.982315
0.002912 0.999996 -0.000489 -0.002867
0.033007 -0.000585 -0.999455 2.916501
14 40
0.995989 0.000475 -0.089476 -0.035444
-0.000396 1.000000 0.000901 0.000819
0.089476 -0.000862 0.995989 0.828709
79 405
-0.998568 0.002881 -0.053419 3.969588
0.002920 0.999996 -0.000651 -0.002517
0.053417 -0.000806 -0.998572 2.799444
15 43
0.995239 0.000672 -0.097458 -0.039155
-0.000555 0.999999 0.001225 -0.000481
0.097458 -0.001165 0.995239 0.935448
80 411
-0.997994 0.001528 -0.063290 3.951716
0.001571 0.999999 -0.000635 -0.003653
0.063289 -0.000733 -0.997995 2.661875
16 46
0.994538 0.000368 -0.104371 -0.042768
-0.000262 0.999999 0.001035 0.000122
0.104372 -0.001002 0.994538 1.045115
81 417
-0.998110 0.000658 -0.061454 3.930901
0.000677 1.000000 -0.000294 -0.002478
0.061454 -0.000335 -0.998110 2.511036
82 423
-0.998783 0.000729 -0.049324 3.905366
0.000764 0.999999 -0.000686 0.000060
0.049324 -0.000723 -0.998783 2.347010
18 53
0.992724 -0.000171 -0.120412 -0.048958
0.000354 0.999999 0.001496 0.002522
0.120411 -0.001528 0.992723 1.309179
83 431
-0.999700 0.000333 -0.024503 3.864941
0.000345 1.000000 -0.000489 0.000992
0.024503 -0.000497 -0.999700 2.114228
84 437
-1.000000 0.000901 -0.000001 3.829026
0.000901 0.999999 -0.000740 -0.000194
0.000000 -0.000740 -1.000000 1.932683
20 60
0.991911 0.000045 -0.126939 -0.052494
0.000068 1.000000 0.000887 0.001127
0.126939 -0.000889 0.991910 1.577437
21 65
0.991986 0.001170 -0.126345 -0.052345
-0.000964 0.999998 0.001694 0.001350
0.126346 -0.001559 0.991985 1.766357
22 68
0.992164 0.000568 -0.124940 -0.052419
-0.000379 0.999999 0.001537 0.002314
0.124940 -0.001478 0.992163 1.877706
23 74
0.993411 0.000891 -0.114601 -0.048943
-0.000672 0.999998 0.001956 0.003936
0.114603 -0.001866 0.993410 2.092207
24 79
0.995233 0.000834 -0.097526 -0.042613
-0.000696 0.999999 0.001454 0.004457
0.097527 -0.001380 0.995232 2.262561
25 85
0.997582 0.000912 -0.069496 -0.030951
-0.000781 0.999998 0.001912 0.005653
0.069498 -0.001853 0.997580 2.448768
26 92
0.999793 0.001193 -0.020310 -0.011274
-0.001173 0.999999 0.000986 0.004784
0.020311 -0.000962 0.999793 2.638828
27 97
0.999568 0.001480 0.029342 0.006889
-0.001511 0.999998 0.001025 0.004158
-0.029340 -0.001069 0.999569 2.753097
28 104
0.991520 0.001422 0.129946 0.029774
-0.001494 0.999999 0.000455 0.004385
-0.129945 -0.000645 0.991521 2.900359
29 109
0.974948 0.001330 0.222427 0.046520
-0.001504 0.999999 0.000616 0.006557
-0.222426 -0.000935 0.974949 2.999353
32 128
0.776163 0.001538 0.630531 0.127780
-0.001404 0.999999 -0.000710 0.004189
-0.630531 -0.000334 0.776164 3.324622
34 137
0.604126 0.002031 0.796887 0.185960
-0.001624 0.999998 -0.001317 0.004253
-0.796888 -0.000499 0.604127 3.451994
35 144
0.454808 0.002142 0.890587 0.244856
-0.001097 0.999998 -0.001845 0.004585
-0.890589 -0.000137 0.454810 3.538901
38 157
0.185934 0.001931 0.982560 0.393214
-0.000282 0.999998 -0.001912 0.006072
-0.982562 0.000079 0.185934 3.672354
39 163
0.085504 0.002349 0.996335 0.482413
-0.000488 0.999997 -0.002315 0.002689
-0.996338 -0.000288 0.085505 3.721155
40 168
0.023609 0.002521 0.999718 0.569345
0.000110 0.999997 -0.002524 0.003657
-0.999721 0.000170 0.023609 3.756219
41 172
-0.012977 0.003051 0.999911 0.645865
-0.000098 0.999995 -0.003052 0.003561
-0.999916 -0.000137 -0.012976 3.779824
43 181
-0.065623 0.003219 0.997839 0.844975
-0.000174 0.999995 -0.003238 0.003606
-0.997844 -0.000386 -0.065622 3.824001
44 186
-0.083692 0.003147 0.996487 0.971342
0.000052 0.999995 -0.003154 0.003508
-0.996492 -0.000212 -0.083692 3.844182
45 191
-0.092777 0.002817 0.995683 1.107721
-0.000147 0.999996 -0.002843 0.004495
-0.995687 -0.000410 -0.092776 3.860602
47 201
-0.089922 0.002443 0.995946 1.403815
-0.000554 0.999997 -0.002503 0.002058
-0.995949 -0.000777 -0.089920 3.883360
48 206
-0.079555 0.002891 0.996826 1.563214
0.000068 0.999996 -0.002894 0.000909
-0.996831 -0.000162 -0.079554 3.890805
49 211
-0.065077 0.003069 0.997876 1.724826
-0.000504 0.999995 -0.003109 0.000224
-0.997880 -0.000705 -0.065075 3.896071
50 217
-0.046183 0.002495 0.998930 1.919959
-0.000713 0.999997 -0.002531 0.000857
-0.998933 -0.000829 -0.046181 3.898206
51 222
-0.026458 0.002635 0.999646 2.085013
-0.000923 0.999996 -0.002660 -0.000428
-0.999650 -0.000993 -0.026455 3.897536
52 228
-0.003304 0.002255 0.999992 2.281744
-0.000868 0.999997 -0.002258 0.000186
-0.999994 -0.000876 -0.003302 3.893836
53 234
0.020261 0.002744 0.999791 2.474737
-0.000460 0.999996 -0.002736 0.000995
-0.999795 -0.000405 0.020262 3.886917
54 240
0.039691 0.003124 0.999207 2.661000
-0.000580 0.999995 -0.003103 -0.001229
-0.999212 -0.000457 0.039692 3.877709
55 247
0.055818 0.003369 0.998435 2.867808
-0.000677 0.999994 -0.003336 -0.000394
-0.998441 -0.000490 0.055820 3.863410
56 253
0.065529 0.002713 0.997847 3.032454
-0.000668 0.999996 -0.002675 -0.000602
-0.997850 -0.000492 0.065531 3.849448
58 265
0.052601 0.003561 0.998609 3.322737
-0.001061 0.999993 -0.003510 -0.002788
-0.998615 -0.000875 0.052605 3.812930
59 272
0.027045 0.003203 0.999629 3.460171
-0.001004 0.999994 -0.003177 -0.002994
-0.999634 -0.000918 0.027048 3.789982
60 278
-0.011904 0.003938 0.999921 3.557063
-0.000107 0.999992 -0.003940 -0.004408
-0.999929 -0.000154 -0.011903 3.770811
67 331
-0.658049 0.002607 0.752971 3.992529
0.001389 0.999997 -0.002248 -0.005397
-0.752974 -0.000433 -0.658050 3.577604
70 349
-0.848112 0.003628 0.529804 4.025445
0.002662 0.999993 -0.002586 -0.003819
-0.529810 -0.000783 -0.848116 3.471898
75 381
-0.993343 0.003265 0.115152 4.008275
0.003160 0.999994 -0.001101 -0.002894
-0.115155 -0.000730 -0.993347 3.174628
77 393
-0.999991 0.002464 0.003490 3.991808
0.002464 0.999997 -0.000116 -0.004492
-0.003490 -0.000108 -0.999994 3.015170
85 445
-0.999528 0.001898 0.030647 3.771080
0.001853 0.999997 -0.001517 -0.000761
-0.030650 -0.001459 -0.999529 1.689798
86 453
-0.998262 0.002028 0.058904 3.702186
0.001914 0.999996 -0.001987 -0.002615
-0.058908 -0.001870 -0.998262 1.453803
87 462
-0.997025 0.001342 0.077071 3.607178
0.001181 0.999997 -0.002130 -0.004353
-0.077073 -0.002032 -0.997023 1.200412
88 469
-0.996690 0.001399 0.081283 3.521994
0.001235 0.999997 -0.002065 -0.001578
-0.081286 -0.001958 -0.996689 1.018257
89 477
-0.997824 0.001965 0.065902 3.410246
0.001820 0.999996 -0.002251 -0.001162
-0.065907 -0.002126 -0.997824 0.834800
90 486
-0.999823 0.001022 0.018794 3.263036
0.000987 0.999998 -0.001821 -0.002883
-0.018796 -0.001803 -0.999822 0.660403
91 494
-0.998482 0.000828 -0.055080 3.107917
0.000907 0.999999 -0.001415 -0.002742
0.055079 -0.001463 -0.998481 0.543349
92 507
-0.974250 0.000629 -0.225467 2.772086
0.000865 0.999999 -0.000949 -0.003860
0.225467 -0.001120 -0.974250 0.393056
93 520
-0.901390 0.000762 -0.433008 2.369800
0.001110 0.999999 -0.000551 -0.002231
0.433007 -0.000977 -0.901390 0.287107
94 530
-0.801630 0.001509 -0.597818 2.033212
0.001789 0.999998 0.000125 0.002874
0.597818 -0.000969 -0.801632 0.232242
95 552
-0.460356 0.000524 -0.887734 1.301395
-0.000110 1.000000 0.000647 -0.000130
0.887734 0.000396 -0.460356 0.182057
96 572
-0.089016 -0.000179 -0.996030 0.783702
0.000517 1.000000 -0.000226 -0.000214
0.996030 -0.000535 -0.089016 0.216435
97 586
0.152147 0.000494 -0.988358 0.559294
0.001030 0.999999 0.000659 0.000219
0.988357 -0.001118 0.152147 0.280306
98 615
0.638108 0.000328 -0.769947 0.299198
0.000830 0.999999 0.001114 0.001232
0.769947 -0.001350 0.638107 0.539263
100 662
0.991198 -0.000006 -0.132385 0.177897
0.000166 0.999999 0.001195 0.000175
0.132385 -0.001206 0.991198 1.175184
102 762
0.998423 0.001107 0.056133 0.128259
-0.001130 0.999999 0.000375 0.006006
-0.056133 -0.000438 0.998423 3.180103
103 784
0.999929 0.001701 0.011770 0.142873
-0.001704 0.999998 0.000310 0.004750
-0.011769 -0.000330 0.999931 3.467388
104 844
0.999998 0.001733 -0.000569 0.147256
-0.001733 0.999998 0.000557 0.005393
0.000570 -0.000556 1.000000 3.536292

0
0.000000 0.000000 0.000000 -nan
0.000000 0.000000 0.000000 -nan
-nan 0.000000 0.000000 -nan
1
0.000000 0.000000 0.000000 -nan
0.000000 0.000000 0.000000 -nan
-nan 0.000000 0.000000 -nan
2
0.000000 0.000000 0.000000 -nan
0.000000 0.000000 0.000000 -nan
-nan 0.000000 0.000000 -nan
3
0.000000 0.000000 0.000000 -nan
0.000000 0.000000 0.000000 -nan
-nan 0.000000 0.000000 -nan
4
0.000000 0.000000 0.000000 -nan
0.000000 0.000000 0.000000 -nan
-nan 0.000000 0.000000 -nan
5
0.000000 0.000000 0.000000 -nan
0.000000 0.000000 0.000000 -nan
-nan 0.000000 0.000000 -nan
6
0.000000 0.000000 0.000000 -nan
0.000000 0.000000 0.000000 -nan
-nan 0.000000 0.000000 -nan
7
0.000000 0.000000 0.000000 -nan
0.000000 0.000000 0.000000 -nan
-nan 0.000000 0.000000 -nan
8
0.000000 0.000000 0.000000 -nan
0.000000 0.000000 0.000000 -nan
-nan 0.000000 0.000000 -nan
9
0.999993 -0.000242 -0.003787 -0.002913
0.000242 1.000000 -0.000032 0.001039
0.003787 0.000031 0.999993 0.057202
10
0.999979 -0.000637 -0.006489 -0.003433
0.000637 1.000000 -0.000042 0.001712
0.006489 0.000038 0.999979 0.071256
11
0.999964 0.000138 -0.008431 -0.004265
-0.000138 1.000000 -0.000007 -0.000407
0.008431 0.000008 0.999964 0.085270
12
0.999949 -0.000277 -0.010059 -0.005416
0.000275 1.000000 -0.000156 0.001676
0.010059 0.000153 0.999949 0.102408
13
0.999918 0.000332 -0.012824 -0.005688
-0.000327 1.000000 0.000364 0.002107
0.012824 -0.000359 0.999918 0.119249
14
0.999912 0.000551 -0.013232 -0.007142
-0.000540 1.000000 0.000823 0.000293
0.013232 -0.000815 0.999912 0.131231
15
0.999885 0.000712 -0.015166 -0.008338
-0.000687 0.999998 0.001676 0.002192
0.015168 -0.001666 0.999884 0.151166
16
0.999835 0.000660 -0.018170 -0.009033
-0.000638 0.999999 0.001211 0.000671
0.018170 -0.001199 0.999834 0.170996
17
0.999831 0.000901 -0.018382 -0.009954
-0.000874 0.999999 0.001451 0.000502
0.018383 -0.001434 0.999830 0.191625
18
0.999720 0.001075 -0.023624 -0.009827
-0.001017 0.999996 0.002443 0.002031
0.023627 -0.002418 0.999718 0.203913
19
0.999669 0.001278 -0.025687 -0.011143
-0.001250 0.999999 0.001106 -0.000292
0.025688 -0.001073 0.999669 0.226917
20
0.999611 0.000904 -0.027866 -0.011633
-0.000876 0.999999 0.001030 0.000961
0.027867 -0.001006 0.999611 0.247374
21
0.999479 0.001018 -0.032246 -0.012397
-0.000981 0.999999 0.001160 0.002093
0.032247 -0.001128 0.999479 0.271408
22
0.999461 0.001088 -0.032809 -0.013602
-0.001060 0.999999 0.000864 0.000106
0.032810 -0.000828 0.999461 0.295458
23
0.999350 0.000904 -0.036048 -0.015187
-0.000855 0.999999 0.001374 0.002235
0.036049 -0.001342 0.999349 0.317217
24
0.999204 0.000913 -0.039876 -0.016641
-0.000880 0.999999 0.000848 -0.000351
0.039877 -0.000812 0.999204 0.343358
25
0.999140 0.000651 -0.041468 -0.017703
-0.000620 1.000000 0.000760 -0.000490
0.041469 -0.000734 0.999140 0.367520
26
0.998975 0.000494 -0.045270 -0.019248
-0.000447 0.999999 0.001063 0.001328
0.045271 -0.001041 0.998974 0.394926
27
0.998789 0.000608 -0.049199 -0.019878
-0.000584 1.000000 0.000509 -0.000344
0.049200 -0.000480 0.998789 0.419033
28
0.998696 0.000545 -0.051052 -0.021283
-0.000522 1.000000 0.000461 0.000198
0.051053 -0.000434 0.998696 0.447775
29
0.998422 0.000424 -0.056162 -0.022315
-0.000362 0.999999 0.001121 0.001815
0.056163 -0.001099 0.998421 0.476498
30
0.998341 0.000653 -0.057579 -0.023729
-0.000596 0.999999 0.001021 -0.000408
0.057579 -0.000985 0.998340 0.505996
31
0.998168 0.000567 -0.060493 -0.025035
-0.000476 0.999999 0.001524 0.002163
0.060494 -0.001492 0.998167 0.535774
32
0.997888 0.000543 -0.064951 -0.026390
-0.000493 1.000000 0.000793 0.000487
0.064951 -0.000760 0.997888 0.567471
33
0.997779 0.000293 -0.066609 -0.028246
-0.000235 1.000000 0.000893 0.000303
0.066609 -0.000875 0.997779 0.599205
34
0.997494 0.000288 -0.070756 -0.029381
-0.000171 0.999999 0.001669 0.001546
0.070757 -0.001653 0.997492 0.630783
35
0.997291 0.000869 -0.073549 -0.030115
-0.000788 0.999999 0.001132 -0.000425
0.073550 -0.001070 0.997291 0.664903
36
0.997054 0.000256 -0.076704 -0.031137
-0.000180 0.999999 0.000996 0.000716
0.076704 -0.000980 0.997053 0.699120
37
0.996757 0.000234 -0.080470 -0.031887
-0.000108 0.999999 0.001572 0.002233
0.080470 -0.001558 0.996756 0.729398
38
0.996665 0.000821 -0.081593 -0.033583
-0.000710 0.999999 0.001388 -0.000467
0.081594 -0.001325 0.996665 0.763515
39
0.996395 0.000466 -0.084832 -0.034487
-0.000313 0.999998 0.001814 0.001704
0.084833 -0.001780 0.996394 0.798174
40
0.996129 0.000890 -0.087899 -0.035735
-0.000747 0.999998 0.001651 0.000513
0.087901 -0.001578 0.996128 0.835882
41
0.996010 0.001083 -0.089241 -0.037223
-0.000902 0.999997 0.002069 -0.000080
0.089243 -0.001980 0.996008 0.871188
42
0.995639 0.000401 -0.093288 -0.038769
-0.000228 0.999998 0.001865 0.002211
0.093289 -0.001835 0.995637 0.907661
43
0.995350 0.000915 -0.096316 -0.038721
-0.000767 0.999998 0.001574 -0.000729
0.096317 -0.001492 0.995350 0.942408
44
0.995156 0.000459 -0.098306 -0.041094
-0.000343 0.999999 0.001198 0.001041
0.098306 -0.001159 0.995156 0.978555
45
0.994775 -0.000185 -0.102087 -0.041966
0.000355 0.999999 0.001640 0.002596
0.102086 -0.001668 0.994774 1.015752
46
0.994641 0.000531 -0.103389 -0.043210
-0.000416 0.999999 0.001136 0.000315
0.103390 -0.001087 0.994640 1.053172
47
0.994401 0.000419 -0.105674 -0.043830
-0.000232 0.999998 0.001781 0.002225
0.105675 -0.001746 0.994399 1.090563
48
0.994044 0.000549 -0.108981 -0.044881
-0.000405 0.999999 0.001343 0.001194
0.108981 -0.001291 0.994043 1.128660
49
0.994009 0.000244 -0.109300 -0.045802
-0.000151 1.000000 0.000855 0.000316
0.109300 -0.000833 0.994008 1.163471
50
0.993641 0.000143 -0.112597 -0.046403
0.000025 0.999999 0.001495 0.001821
0.112597 -0.001488 0.993640 1.200943
51
0.993424 0.000639 -0.114494 -0.047189
-0.000528 0.999999 0.000996 0.000236
0.114494 -0.000929 0.993423 1.239616
52
0.993240 -0.000103 -0.116077 -0.048013
0.000179 1.000000 0.000648 0.000959
0.116076 -0.000665 0.993240 1.275397
53
0.992815 0.000213 -0.119656 -0.046978
-0.000074 0.999999 0.001164 0.002418
0.119656 -0.001147 0.992815 1.313759
54
0.992867 0.000340 -0.119229 -0.048964
-0.000299 1.000000 0.000358 -0.000238
0.119229 -0.000320 0.992867 1.350781
55
0.992664 -0.000327 -0.120905 -0.049949
0.000374 1.000000 0.000364 0.002087
0.120904 -0.000407 0.992664 1.391057
56
0.992383 0.000205 -0.123187 -0.049787
-0.000085 1.000000 0.000974 0.001038
0.123187 -0.000956 0.992383 1.428462
57
0.992427 0.000419 -0.122834 -0.050805
-0.000333 1.000000 0.000722 0.000197
0.122834 -0.000676 0.992427 1.467123
58
0.992172 -0.000261 -0.124879 -0.051377
0.000414 0.999999 0.001198 0.002507
0.124879 -0.001240 0.992171 1.505773
59
0.992043 0.000728 -0.125900 -0.050139
-0.000582 0.999999 0.001199 -0.000198
0.125901 -0.001116 0.992042 1.543542
60
0.992072 -0.000134 -0.125671 -0.051900
0.000221 1.000000 0.000681 0.001510
0.125671 -0.000704 0.992072 1.581867
61
0.991809 0.000209 -0.127728 -0.051633
-0.000140 1.000000 0.000543 0.003182
0.127729 -0.000520 0.991809 1.619389
62
0.991964 0.000866 -0.126519 -0.051185
-0.000822 1.000000 0.000395 0.000779
0.126519 -0.000288 0.991964 1.657378
63
0.991940 0.000475 -0.126707 -0.052965
-0.000311 0.999999 0.001319 0.003059
0.126707 -0.001269 0.991939 1.692223
64
0.991791 0.000935 -0.127870 -0.050929
-0.000854 0.999999 0.000686 0.002134
0.127870 -0.000571 0.991791 1.730065
65
0.992116 0.000909 -0.125317 -0.051083
-0.000761 0.999999 0.001226 0.001445
0.125318 -0.001121 0.992116 1.768477
66
0.992018 0.000853 -0.126092 -0.050617
-0.000682 0.999999 0.001405 0.003311
0.126093 -0.001308 0.992018 1.805282
67
0.992075 0.001200 -0.125644 -0.051134
-0.001076 0.999999 0.001053 0.000438
0.125645 -0.000910 0.992075 1.842869
68
0.992204 0.000194 -0.124624 -0.052982
-0.000033 0.999999 0.001293 0.003289
0.124624 -0.001279 0.992203 1.876299
69
0.992105 0.000127 -0.125407 -0.052505
0.000054 0.999999 0.001438 0.004139
0.125407 -0.001433 0.992104 1.913306
70
0.992468 0.000298 -0.122503 -0.052193
-0.000104 0.999999 0.001593 0.001684
0.122503 -0.001569 0.992467 1.949451
71
0.992712 0.000760 -0.120505 -0.051325
-0.000504 0.999998 0.002158 0.004518
0.120507 -0.002081 0.992710 1.983716
72
0.992780 0.000941 -0.119945 -0.050372
-0.000750 0.999998 0.001630 0.002561
0.119947 -0.001528 0.992779 2.019683
73
0.993191 0.001226 -0.116489 -0.049276
-0.001000 0.999998 0.001998 0.002501
0.116491 -0.001867 0.993190 2.053132
74
0.993381 0.000726 -0.114861 -0.049013
-0.000405 0.999996 0.002819 0.005308
0.114863 -0.002753 0.993378 2.088574
75
0.993603 0.001235 -0.112922 -0.047533
-0.000940 0.999996 0.002661 0.002560
0.112925 -0.002538 0.993600 2.123019
76
0.994022 0.000823 -0.109174 -0.046808
-0.000550 0.999997 0.002529 0.003159
0.109175 -0.002454 0.994019 2.157047
77
0.994230 0.000605 -0.107264 -0.046759
-0.000262 0.999995 0.003212 0.004508
0.107265 -0.003165 0.994225 2.191053
78
0.994785 0.000513 -0.101996 -0.044779
-0.000318 0.999998 0.001923 0.003451
0.101997 -0.001881 0.994783 2.229595
79
0.995225 0.000741 -0.097601 -0.043033
-0.000618 0.999999 0.001288 0.005527
0.097602 -0.001222 0.995225 2.263546
80
0.995471 0.000973 -0.095063 -0.040873
-0.000859 0.999999 0.001246 0.003167
0.095064 -0.001158 0.995471 2.294403
81
0.996043 0.000986 -0.088862 -0.039351
-0.000831 0.999998 0.001780 0.002932
0.088864 -0.001700 0.996042 2.325991
82
0.996400 0.000890 -0.084766 -0.038083
-0.000801 0.999999 0.001078 0.005484
0.084767 -0.001007 0.996400 2.359043
83
0.996742 0.000658 -0.080659 -0.035189
-0.000567 0.999999 0.001149 0.000961
0.080659 -0.001100 0.996741 2.393849
84
0.997194 0.001253 -0.074850 -0.033495
-0.001090 0.999997 0.002228 0.003912
0.074853 -0.002140 0.997192 2.422594
85
0.997548 0.000775 -0.069980 -0.030659
-0.000647 0.999998 0.001849 0.004749
0.069981 -0.001800 0.997547 2.453661
86
0.997996 0.000745 -0.063273 -0.029411
-0.000670 0.999999 0.001201 0.001853
0.063274 -0.001156 0.997996 2.483165
87
0.998362 0.000340 -0.057204 -0.026870
-0.000276 0.999999 0.001140 0.003893
0.057204 -0.001123 0.998362 2.511033
88
0.998673 0.000924 -0.051491 -0.024616
-0.000837 0.999998 0.001706 0.003234
0.051492 -0.001661 0.998672 2.537813
89
0.999042 0.000510 -0.043756 -0.021493
-0.000432 0.999998 0.001788 0.001177
0.043756 -0.001767 0.999041 2.566786
90
0.999311 0.000969 -0.037116 -0.018436
-0.000931 0.999999 0.001034 0.004172
0.037117 -0.000998 0.999310 2.594260
91
0.999570 0.000559 -0.029308 -0.015488
-0.000520 0.999999 0.001347 0.000468
0.029308 -0.001331 0.999570 2.618725
92
0.999770 0.001032 -0.021414 -0.011626
-0.001024 0.999999 0.000418 0.004161
0.021415 -0.000396 0.999771 2.643655
93
0.999896 0.001293 -0.014357 -0.008166
-0.001281 0.999999 0.000852 0.004858
0.014358 -0.000833 0.999897 2.667814
94
0.999993 0.000874 -0.003564 -0.004163
-0.000869 0.999999 0.001150 0.002226
0.003565 -0.001147 0.999993 2.690330
95
0.999983 0.000554 0.005871 -0.002995
-0.000558 1.000000 0.000734 0.005803
-0.005871 -0.000738 0.999982 2.713401
96
0.999881 0.001335 0.015369 0.003212
-0.001345 0.999999 0.000636 0.003611
-0.015368 -0.000657 0.999882 2.743064
97
0.999586 0.001524 0.028742 0.006867
-0.001547 0.999999 0.000762 0.002917
-0.028741 -0.000806 0.999587 2.766226
98
0.999207 0.000742 0.039818 0.008799
-0.000761 1.000000 0.000463 0.004712
-0.039817 -0.000493 0.999207 2.786606
99
0.998615 0.001834 0.052588 0.013899
-0.001879 0.999998 0.000808 0.001655
-0.052586 -0.000905 0.998616 2.808279
100
0.997743 0.001263 0.067134 0.017040
-0.001314 0.999999 0.000712 0.003877
-0.067133 -0.000798 0.997744 2.829945
101
0.996704 0.001305 0.081119 0.022031
-0.001365 0.999999 0.000688 0.006450
-0.081118 -0.000797 0.996704 2.856476
102
0.995131 0.001207 0.098555 0.025667
-0.001277 0.999999 0.000647 0.003392
-0.098554 -0.000769 0.995131 2.877784
103
0.993461 0.001168 0.114164 0.028995
-0.001233 0.999999 0.000498 0.006478
-0.114163 -0.000636 0.993462 2.898729
104
0.991504 0.001592 0.130067 0.032213
-0.001654 0.999999 0.000364 0.004469
-0.130066 -0.000576 0.991505 2.919277
105
0.988823 0.001671 0.149082 0.034818
-0.001745 0.999998 0.000361 0.005340
-0.149081 -0.000617 0.988825 2.939703
106
0.986097 0.001039 0.166167 0.037470
-0.001199 0.999999 0.000864 0.006044
-0.166166 -0.001051 0.986097 2.958854
107
0.982856 0.002013 0.184364 0.041683
-0.002118 0.999998 0.000373 0.004146
-0.184363 -0.000757 0.982858 2.978908
108
0.978983 0.001091 0.203939 0.043909
-0.001310 0.999999 0.000940 0.005907
-0.203938 -0.001187 0.978983 2.997507
109
0.975010 0.001017 0.222159 0.047409
-0.001296 0.999999 0.001110 0.007181
-0.222158 -0.001371 0.975010 3.017784
110
0.969851 0.001451 0.243693 0.050336
-0.001645 0.999998 0.000591 0.004800
-0.243692 -0.000974 0.969852 3.035726
111
0.964437 0.000838 0.264311 0.054300
-0.001111 0.999999 0.000882 0.007197
-0.264310 -0.001144 0.964437 3.055400
112
0.958897 0.000944 0.283754 0.058057
-0.001103 0.999999 0.000401 0.005266
-0.283753 -0.000698 0.958897 3.073967
113
0.951600 0.001064 0.307337 0.062265
-0.001105 0.999999 -0.000042 0.004125
-0.307337 -0.000300 0.951601 3.094545
114
0.944951 0.000894 0.327210 0.066199
-0.001099 0.999999 0.000441 0.005507
-0.327210 -0.000777 0.944951 3.112149
115
0.937144 0.001377 0.348940 0.070157
-0.001446 0.999999 -0.000062 0.003015
-0.348940 -0.000446 0.937145 3.130973
116
0.928461 0.001175 0.371428 0.074325
-0.001536 0.999999 0.000676 0.005488
-0.371427 -0.001198 0.928462 3.147649
117
0.920056 0.001022 0.391786 0.078231
-0.001114 0.999999 0.000007 0.006528
-0.391786 -0.000443 0.920056 3.165706
118
0.909694 0.001333 0.415278 0.081261
-0.001258 0.999999 -0.000455 0.003410
-0.415278 -0.000109 0.909695 3.184117
119
0.899071 0.000814 0.437802 0.085406
-0.000772 1.000000 -0.000272 0.007028
-0.437802 -0.000093 0.899072 3.200678
120
0.888552 0.001437 0.458773 0.090247
-0.001175 0.999999 -0.000857 0.004374
-0.458774 0.000222 0.888553 3.217100
121
0.875772 0.001436 0.482723 0.093899
-0.001359 0.999999 -0.000509 0.003474
-0.482724 -0.000210 0.875773 3.233932
122
0.864351 0.001133 0.502888 0.098938
-0.001165 0.999999 -0.000250 0.006622
-0.502888 -0.000370 0.864351 3.249731
123
0.850726 0.001232 0.525609 0.102801
-0.001123 0.999999 -0.000527 0.003122
-0.525609 -0.000142 0.850726 3.266211
124
0.836816 0.001060 0.547484 0.107940
-0.001201 0.999999 -0.000100 0.004991
-0.547483 -0.000574 0.836816 3.281307
125
0.823285 0.000673 0.567628 0.113677
-0.000723 1.000000 -0.000138 0.006604
-0.567628 -0.000296 0.823285 3.297487
126
0.807242 0.001070 0.590220 0.117734
-0.000991 0.999999 -0.000457 0.003638
-0.590220 -0.000216 0.807242 3.313597
127
0.791154 0.000781 0.611617 0.122876
-0.000961 1.000000 -0.000034 0.006160
-0.611616 -0.000561 0.791154 3.329368
128
0.775693 0.000934 0.631110 0.128421
-0.000719 1.000000 -0.000596 0.004618
-0.631110 0.000009 0.775693 3.343604
129
0.757417 0.001340 0.652930 0.134661
-0.001462 0.999999 -0.000357 0.004655
-0.652930 -0.000685 0.757418 3.358913
130
0.740857 0.000739 0.671662 0.140629
-0.000950 1.000000 -0.000053 0.006260
-0.671662 -0.000599 0.740857 3.373509
131
0.722736 0.001619 0.691122 0.146825
-0.001727 0.999998 -0.000537 0.002931
-0.691122 -0.000806 0.722738 3.387582
132
0.703848 0.000854 0.710350 0.153106
-0.001082 0.999999 -0.000129 0.004769
-0.710349 -0.000677 0.703849 3.401043
133
0.686010 0.001154 0.727592 0.160034
-0.001274 0.999999 -0.000384 0.008534
-0.727591 -0.000663 0.686010 3.414322
134
0.665208 0.001049 0.746658 0.166336
-0.001207 0.999999 -0.000330 0.002974
-0.746657 -0.000681 0.665208 3.428481
135
0.644852 0.000467 0.764307 0.172965
-0.000718 1.000000 -0.000005 0.006062
-0.764307 -0.000546 0.644852 3.443751
136
0.625657 0.001494 0.780097 0.179704
-0.001344 0.999999 -0.000837 0.004121
-0.780097 -0.000525 0.625658 3.455277
137
0.603567 0.001505 0.797310 0.187067
-0.001242 0.999999 -0.000947 0.004021
-0.797311 -0.000419 0.603569 3.468611
138
0.583454 0.000697 0.812146 0.194408
-0.000555 1.000000 -0.000459 0.005670
-0.812146 -0.000183 0.583454 3.482221
139
0.562809 0.001478 0.826586 0.202945
-0.001207 0.999999 -0.000966 0.002906
-0.826586 -0.000454 0.562810 3.495024
140
0.540009 0.001136 0.841659 0.210709
-0.001020 0.999999 -0.000695 0.004737
-0.841659 -0.000483 0.540010 3.506904
141
0.520232 0.000843 0.854024 0.218468
-0.000405 1.000000 -0.000740 0.005802
-0.854025 0.000039 0.520233 3.517482
142
0.496563 0.001351 0.867999 0.227006
-0.001211 0.999999 -0.000864 0.003109
-0.868000 -0.000622 0.496565 3.528612
143
0.474750 0.001328 0.880120 0.237016
-0.000535 0.999999 -0.001220 0.006309
-0.880121 0.000109 0.474750 3.541426
144
0.453871 0.001680 0.891066 0.246505
-0.000864 0.999999 -0.001446 0.003952
-0.891067 -0.000114 0.453872 3.553021
145
0.430210 0.001420 0.902728 0.255592
-0.000915 0.999999 -0.001137 0.003679
-0.902728 -0.000337 0.430211 3.564920
146
0.409555 0.001259 0.912285 0.265177
-0.000759 0.999999 -0.001040 0.005916
-0.912285 -0.000266 0.409555 3.575971
147
0.387733 0.001823 0.921770 0.274445
-0.000609 0.999998 -0.001722 0.002952
-0.921772 0.000106 0.387733 3.587624
148
0.365614 0.002012 0.930764 0.286474
-0.000296 0.999998 -0.002045 0.004283
-0.930766 0.000472 0.365614 3.601060
149
0.345605 0.001241 0.938379 0.297400
-0.000248 0.999999 -0.001231 0.006032
-0.938380 0.000193 0.345605 3.612559
150
0.322532 0.001725 0.946557 0.308120
-0.000556 0.999999 -0.001633 0.002132
-0.946559 0.000001 0.322532 3.622447
151
0.301612 0.002014 0.953429 0.319968
-0.000174 0.999998 -0.002057 0.006312
-0.953431 0.000454 0.301612 3.632790
152
0.282097 0.001873 0.959384 0.331664
-0.000009 0.999998 -0.001950 0.002927
-0.959386 0.000541 0.282097 3.643322
153
0.259791 0.001902 0.965663 0.343661
-0.000360 0.999998 -0.001873 0.002175
-0.965665 0.000139 0.259791 3.652810
154
0.241396 0.001531 0.970425 0.355437
-0.000013 0.999999 -0.001575 0.005092
-0.970427 0.000368 0.241396 3.662215
155
0.221540 0.002206 0.975149 0.368684
-0.000582 0.999998 -0.002130 0.001989
-0.975151 -0.000096 0.221541 3.671390
156
0.202219 0.001282 0.979340 0.381932
0.000024 0.999999 -0.001314 0.003862
-0.979340 0.000289 0.202218 3.680625
157
0.185327 0.001847 0.982675 0.394150
0.000422 0.999998 -0.001959 0.005379
-0.982677 0.000777 0.185325 3.688864
158
0.165766 0.002344 0.986162 0.408240
-0.000379 0.999997 -0.002313 0.002826
-0.986165 0.000010 0.165766 3.697030
159
0.147727 0.002213 0.989026 0.422503
0.000089 0.999997 -0.002251 0.005773
-0.989028 0.000421 0.147726 3.705306
160
0.131716 0.002589 0.991284 0.437537
-0.000072 0.999997 -0.002603 0.003601
-0.991288 0.000271 0.131716 3.713335
161
0.114026 0.002369 0.993475 0.453010
0.000286 0.999997 -0.002417 0.003165
-0.993478 0.000560 0.114025 3.720713
162
0.100005 0.002463 0.994984 0.468109
0.000556 0.999997 -0.002531 0.004329
-0.994987 0.000806 0.100003 3.730145
163
0.085074 0.002498 0.996372 0.484079
0.000272 0.999997 -0.002530 0.001650
-0.996375 0.000486 0.085073 3.737014
164
0.070285 0.002278 0.997524 0.500676
0.000288 0.999997 -0.002304 0.003369
-0.997527 0.000449 0.070285 3.744598
165
0.058400 0.002375 0.998290 0.517554
0.000573 0.999997 -0.002413 0.004594
-0.998293 0.000713 0.058398 3.751831
166
0.044111 0.002720 0.999023 0.534641
0.000290 0.999996 -0.002736 0.001858
-0.999027 0.000410 0.044110 3.758777
167
0.032200 0.002085 0.999479 0.553148
0.001002 0.999997 -0.002118 0.004269
-0.999481 0.001069 0.032198 3.765718
168
0.023459 0.002935 0.999721 0.571284
0.001326 0.999995 -0.002967 0.002780
-0.999724 0.001395 0.023455 3.771976
169
0.011436 0.002916 0.999930 0.590068
0.000941 0.999995 -0.002927 0.002140
-0.999934 0.000975 0.011433 3.778876
170
0.004020 0.002789 0.999988 0.608745
0.000828 0.999996 -0.002792 0.003782
-0.999992 0.000839 0.004018 3.784892
171
-0.004875 0.003685 0.999981 0.628182
0.000788 0.999993 -0.003682 0.001366
-0.999988 0.000770 -0.004878 3.790180
172
-0.013112 0.003323 0.999909 0.648090
0.000750 0.999994 -0.003314 0.002883
-0.999914 0.000707 -0.013115 3.794946
173
-0.019484 0.003324 0.999805 0.667661
0.001098 0.999994 -0.003303 0.003790
-0.999810 0.001034 -0.019487 3.801513
174
-0.028154 0.003214 0.999598 0.689199
0.000733 0.999995 -0.003194 0.001364
-0.999603 0.000643 -0.028156 3.805604
175
-0.035112 0.003353 0.999378 0.710105
0.001171 0.999994 -0.003313 0.003925
-0.999383 0.001054 -0.035116 3.811876
176
-0.040322 0.003593 0.999180 0.732596
0.000939 0.999993 -0.003558 0.001949
-0.999186 0.000795 -0.040325 3.816835
177
-0.047499 0.003261 0.998866 0.753485
0.000330 0.999995 -0.003249 0.002214
-0.998871 0.000175 -0.047500 3.820153
178
-0.052064 0.003253 0.998638 0.775499
0.000575 0.999995 -0.003228 0.003411
-0.998644 0.000406 -0.052066 3.825212
179
-0.056784 0.003428 0.998381 0.799261
0.000713 0.999994 -0.003393 0.001076
-0.998386 0.000519 -0.056786 3.830250
180
-0.062422 0.003307 0.998044 0.823197
0.000473 0.999994 -0.003284 0.001617
-0.998050 0.000267 -0.062423 3.833888
181
-0.065430 0.003512 0.997851 0.847134
0.000286 0.999994 -0.003501 0.002922
-0.997857 0.000056 -0.065431 3.837221
182
-0.070731 0.003337 0.997490 0.872036
0.000493 0.999994 -0.003311 0.000832
-0.997495 0.000257 -0.070732 3.842578
183
-0.074492 0.003404 0.997216 0.896527
0.000447 0.999994 -0.003380 0.002791
-0.997222 0.000194 -0.074493 3.845960
184
-0.077383 0.003397 0.996996 0.921647
0.000273 0.999994 -0.003386 0.000608
-0.997001 0.000011 -0.077383 3.849952
185
-0.081930 0.003334 0.996632 0.945866
0.000368 0.999994 -0.003315 0.000338
-0.996638 0.000095 -0.081931 3.854757
186
-0.083444 0.003626 0.996506 0.971108
0.000537 0.999993 -0.003594 0.002584
-0.996512 0.000236 -0.083446 3.857493
187
-0.085939 0.003353 0.996295 0.997361
0.000409 0.999994 -0.003331 0.000212
-0.996300 0.000121 -0.085940 3.861261
188
-0.088491 0.003385 0.996071 1.024100
0.000910 0.999994 -0.003318 0.001945
-0.996077 0.000613 -0.088494 3.864662
189
-0.088663 0.003223 0.996056 1.050259
0.000952 0.999995 -0.003151 0.002741
-0.996061 0.000669 -0.088665 3.868502
190
-0.091228 0.003760 0.995823 1.079232
0.000968 0.999993 -0.003687 -0.001153
-0.995830 0.000628 -0.091231 3.871874
191
-0.091920 0.003185 0.995761 1.105185
0.000671 0.999995 -0.003136 0.003084
-0.995766 0.000380 -0.091922 3.872144
192
-0.091903 0.003029 0.995763 1.132978
0.000607 0.999995 -0.002986 -0.000241
-0.995768 0.000330 -0.091904 3.874970
193
-0.094158 0.003220 0.995552 1.161620
0.000519 0.999995 -0.003185 0.000295
-0.995557 0.000217 -0.094159 3.877737
194
-0.093082 0.003515 0.995652 1.189725
0.000513 0.999994 -0.003482 0.002159
-0.995658 0.000187 -0.093083 3.879874
195
-0.092976 0.003953 0.995661 1.219538
0.001035 0.999992 -0.003874 -0.000888
-0.995668 0.000670 -0.092979 3.883289
196
-0.092968 0.002992 0.995665 1.247123
-0.000118 0.999995 -0.003016 0.001182
-0.995669 -0.000398 -0.092967 3.885644
197
-0.091264 0.002390 0.995824 1.276385
-0.000023 0.999997 -0.002402 0.002345
-0.995827 -0.000242 -0.091263 3.886943
198
-0.091638 0.003020 0.995788 1.307004
0.000073 0.999995 -0.003026 -0.000762
-0.995792 -0.000204 -0.091637 3.889517
199
-0.090754 0.003807 0.995866 1.337614
0.000315 0.999993 -0.003794 0.001851
-0.995873 -0.000030 -0.090755 3.890988
200
-0.088281 0.003402 0.996090 1.367351
-0.000165 0.999994 -0.003430 0.000437
-0.996096 -0.000467 -0.088280 3.893181
201
-0.088723 0.002482 0.996053 1.395965
-0.000111 0.999997 -0.002502 0.000900
-0.996056 -0.000333 -0.088723 3.890011
202
-0.085476 0.002561 0.996337 1.426537
-0.000009 0.999997 -0.002571 0.002864
-0.996340 -0.000229 -0.085476 3.890793
203
-0.083431 0.002649 0.996510 1.456755
-0.000732 0.999996 -0.002720 0.000590
-0.996513 -0.000957 -0.083428 3.892407
204
-0.082326 0.002610 0.996602 1.487950
-0.000700 0.999996 -0.002677 0.002142
-0.996605 -0.000918 -0.082324 3.893811
205
-0.078568 0.001996 0.996907 1.521037
-0.000536 0.999998 -0.002044 0.003653
-0.996909 -0.000694 -0.078566 3.895862
206
-0.077984 0.002225 0.996952 1.554077
0.000359 0.999998 -0.002204 -0.000194
-0.996955 0.000187 -0.077984 3.896135
207
-0.075744 0.002255 0.997125 1.585614
-0.000271 0.999997 -0.002282 0.002085
-0.997127 -0.000443 -0.075744 3.896379
208
-0.071691 0.002074 0.997425 1.616475
0.000075 0.999998 -0.002074 -0.000137
-0.997427 -0.000074 -0.071691 3.897397
209
-0.070403 0.001993 0.997517 1.647398
-0.000407 0.999998 -0.002027 0.000336
-0.997519 -0.000549 -0.070402 3.898265
210
-0.065343 0.002644 0.997859 1.680196
-0.000154 0.999996 -0.002660 0.003221
-0.997863 -0.000328 -0.065342 3.899270
211
-0.063717 0.003265 0.997963 1.718389
0.000100 0.999995 -0.003266 -0.001273
-0.997968 -0.000108 -0.063717 3.900167
212
-0.060706 0.002900 0.998151 1.748850
-0.000108 0.999996 -0.002912 0.000928
-0.998156 -0.000284 -0.060705 3.899941
213
-0.055987 0.003237 0.998426 1.781890
-0.000319 0.999995 -0.003260 0.002334
-0.998431 -0.000501 -0.055986 3.901099
214
-0.054235 0.003204 0.998523 1.814380
-0.000577 0.999995 -0.003240 -0.000776
-0.998528 -0.000752 -0.054233 3.900930
215
-0.051290 0.003015 0.998679 1.847106
0.000062 0.999995 -0.003015 0.002396
-0.998684 -0.000093 -0.051290 3.902115
216
-0.046847 0.003206 0.998897 1.880480
-0.000324 0.999995 -0.003225 -0.000011
-0.998902 -0.000474 -0.046845 3.901159
217
-0.045495 0.002865 0.998960 1.913078
-0.000290 0.999996 -0.002882 -0.000829
-0.998965 -0.000421 -0.045494 3.901421
218
-0.040541 0.002235 0.999175 1.945472
-0.000571 0.999997 -0.002260 0.001125
-0.999178 -0.000662 -0.040540 3.901461
219
-0.036694 0.002824 0.999323 1.978788
-0.000927 0.999995 -0.002860 -0.002370
-0.999326 -0.001031 -0.036691 3.901327
220
-0.033568 0.002843 0.999432 2.011335
-0.000217 0.999996 -0.002852 0.000862
-0.999436 -0.000313 -0.033568 3.901678
221
-0.027829 0.003088 0.999608 2.044019
-0.000396 0.999995 -0.003100 0.002146
-0.999613 -0.000482 -0.027827 3.901634
222
-0.025565 0.002601 0.999670 2.077244
-0.000445 0.999996 -0.002613 -0.001603
-0.999673 -0.000511 -0.025564 3.901422
223
-0.021862 0.002697 0.999757 2.110047
-0.000616 0.999996 -0.002711 0.001110
-0.999761 -0.000676 -0.021860 3.900774
224
-0.016584 0.002273 0.999860 2.142668
-0.000849 0.999997 -0.002287 -0.000650
-0.999862 -0.000887 -0.016582 3.899642
225
-0.014021 0.002251 0.999899 2.175287
-0.000476 0.999997 -0.002258 -0.001203
-0.999902 -0.000508 -0.014020 3.899179
226
-0.009201 0.002035 0.999956 2.207111
0.000034 0.999998 -0.002034 0.000267
-0.999958 0.000015 -0.009201 3.899532
227
-0.005161 0.002439 0.999984 2.241154
-0.000859 0.999997 -0.002444 -0.002386
-0.999986 -0.000872 -0.005159 3.897284
228
-0.002088 0.001427 0.999997 2.272026
-0.000274 0.999999 -0.001428 -0.001411
-0.999998 -0.000277 -0.002088 3.897584
229
0.003605 0.001917 0.999992 2.305286
-0.000426 0.999998 -0.001915 0.000333
-0.999993 -0.000419 0.003605 3.896363
230
0.005119 0.002124 0.999985 2.336829
0.000172 0.999998 -0.002125 -0.002631
-0.999987 0.000183 0.005118 3.895853
231
0.009101 0.002250 0.999956 2.368978
-0.000081 0.999997 -0.002249 0.000751
-0.999959 -0.000061 0.009101 3.894887
232
0.014135 0.002021 0.999898 2.400549
-0.000349 0.999998 -0.002016 -0.002133
-0.999900 -0.000320 0.014136 3.893146
233
0.016562 0.002406 0.999860 2.432334
-0.000301 0.999997 -0.002401 -0.003454
-0.999863 -0.000261 0.016562 3.891581
234
0.021351 0.002245 0.999770 2.466838
-0.000318 0.999997 -0.002239 -0.000239
-0.999772 -0.000270 0.021352 3.890196
235
0.024917 0.002561 0.999686 2.498012
-0.000847 0.999996 -0.002541 -0.002890
-0.999689 -0.000784 0.024919 3.889146
236
0.027691 0.001731 0.999615 2.528235
-0.000270 0.999998 -0.001724 -0.001938
-0.999617 -0.000223 0.027691 3.887054
237
0.032202 0.002751 0.999478 2.562074
-0.000646 0.999996 -0.002732 0.000555
-0.999481 -0.000558 0.032203 3.885627
238
0.033563 0.002253 0.999434 2.593210
-0.000753 0.999997 -0.002229 -0.002976
-0.999436 -0.000678 0.033564 3.884357
239
0.036855 0.002587 0.999317 2.624046
-0.000305 0.999997 -0.002578 0.000715
-0.999321 -0.000210 0.036856 3.882752
240
0.041357 0.002053 0.999142 2.653857
-0.000610 0.999998 -0.002030 -0.002370
-0.999144 -0.000526 0.041359 3.879069
241
0.042306 0.002473 0.999102 2.684389
-0.000940 0.999997 -0.002436 -0.002128
-0.999104 -0.000836 0.042308 3.877652
242
0.046194 0.002400 0.998930 2.714676
-0.000623 0.999997 -0.002374 -0.001503
-0.998932 -0.000513 0.046195 3.875805
243
0.049289 0.002287 0.998782 2.744483
-0.000864 0.999997 -0.002247 -0.003573
-0.998784 -0.000752 0.049291 3.873903
244
0.050682 0.001901 0.998713 2.773013
-0.000434 0.999998 -0.001882 -0.003325
-0.998715 -0.000338 0.050683 3.872806
245
0.055173 0.002644 0.998473 2.802819
-0.001053 0.999996 -0.002590 -0.001371
-0.998476 -0.000908 0.055175 3.870313
246
0.054763 0.002775 0.998496 2.839086
-0.000512 0.999996 -0.002751 -0.003595
-0.998499 -0.000360 0.054764 3.869207
247
0.056165 0.003270 0.998416 2.868085
-0.000821 0.999994 -0.003229 -0.001594
-0.998421 -0.000639 0.056167 3.866691
248
0.059407 0.003555 0.998228 2.896082
-0.000751 0.999994 -0.003516 -0.003345
-0.998234 -0.000540 0.059409 3.864474
249
0.059035 0.003013 0.998251 2.923763
-0.001634 0.999994 -0.002922 -0.003229
-0.998255 -0.001458 0.059039 3.861768
250
0.061894 0.002544 0.998080 2.951875
-0.000636 0.999997 -0.002510 -0.001791
-0.998083 -0.000480 0.061895 3.860530
251
0.063922 0.002498 0.997952 2.978890
-0.001265 0.999996 -0.002422 -0.003791
-0.997954 -0.001108 0.063925 3.857360
252
0.063830 0.002288 0.997958 3.006118
-0.000488 0.999997 -0.002262 -0.002753
-0.997961 -0.000342 0.063831 3.855940
253
0.066326 0.002456 0.997795 3.032851
-0.000642 0.999997 -0.002419 -0.002190
-0.997798 -0.000480 0.066327 3.854936
254
0.065552 0.002005 0.997847 3.057906
-0.000918 0.999998 -0.001949 -0.004069
-0.997849 -0.000788 0.065554 3.851767
255
0.065997 0.002048 0.997818 3.083512
-0.000571 0.999998 -0.002015 -0.002271
-0.997820 -0.000437 0.065998 3.850027
256
0.067817 0.002540 0.997695 3.109977
-0.000931 0.999996 -0.002483 -0.003313
-0.997697 -0.000760 0.067819 3.846032
257
0.065045 0.002466 0.997879 3.134963
-0.001307 0.999996 -0.002386 -0.003773
-0.997881 -0.001149 0.065048 3.842007
258
0.065723 0.002809 0.997834 3.160814
-0.000825 0.999996 -0.002761 -0.002253
-0.997838 -0.000641 0.065725 3.840654
259
0.065475 0.002440 0.997851 3.184283
-0.001263 0.999996 -0.002363 -0.004406
-0.997853 -0.001106 0.065478 3.838549
260
0.063550 0.002297 0.997976 3.207433
-0.000720 0.999997 -0.002256 -0.002547
-0.997978 -0.000575 0.063552 3.835544
261
0.063753 0.002538 0.997962 3.231338
-0.000890 0.999997 -0.002486 -0.002689
-0.997965 -0.000730 0.063756 3.832178
262
0.060795 0.002584 0.998147 3.254469
0.000245 0.999997 -0.002604 -0.004582
-0.998150 0.000403 0.060794 3.831018
263
0.058170 0.003086 0.998302 3.277812
-0.000534 0.999995 -0.003060 -0.002883
-0.998307 -0.000355 0.058171 3.825886
264
0.058163 0.002990 0.998303 3.298014
-0.000756 0.999995 -0.002951 -0.003009
-0.998307 -0.000583 0.058165 3.824190
265
0.053958 0.003262 0.998538 3.319517
