100
1800
8088

8 18
0.999235 0.011371 -0.037406 0.131396
-0.012220 0.999671 -0.022557 0.006050
0.037137 0.022997 0.999046 0.485523
64 407
0.016232 0.094788 0.995365 7.793872
0.004329 0.995480 -0.094869 -0.463058
-0.999859 0.005849 0.015748 -1.553361
0 0
1.000000 0.000000 0.000000 -0.000000
0.000000 1.000000 0.000000 -0.000000
0.000000 0.000000 1.000000 -0.000000
73 519
0.967256 0.024136 0.252652 9.621620
-0.017952 0.999481 -0.026756 -0.517839
-0.253166 0.021344 0.967187 1.641675
9 22
0.998660 0.027438 -0.043869 0.164553
-0.028550 0.999281 -0.024929 -0.005614
0.043153 0.026148 0.998726 0.625683
65 418
0.085949 0.083823 0.992767 8.181500
-0.001301 0.996463 -0.084023 -0.512944
-0.996299 0.005930 0.085754 -1.569637
1 2
0.999985 -0.005092 -0.001906 0.003596
0.005083 0.999976 -0.004714 0.000465
0.001930 0.004704 0.999987 0.042682
75 546
0.859613 0.034002 0.509813 10.034052
-0.013378 0.998939 -0.044067 -0.515630
-0.510771 0.031061 0.859156 2.587022
11 31
0.997736 0.028984 -0.060682 0.231933
-0.030881 0.999056 -0.030560 0.002109
0.059739 0.032364 0.997689 0.945602
67 440
0.499464 0.093080 0.861320 8.802902
-0.049693 0.995653 -0.078781 -0.528406
-0.864908 -0.003453 0.501918 -1.259485
3 5
0.999953 -0.006371 -0.007260 0.012273
0.006353 0.999976 -0.002593 0.000774
0.007276 0.002547 0.999970 0.113837
74 533
0.910473 0.031023 0.412404 9.875256
-0.017601 0.999186 -0.036304 -0.531512
-0.413194 0.025795 0.910278 2.114062
10 26
0.998077 0.029496 -0.054521 0.203060
-0.030993 0.999160 -0.026821 -0.008132
0.053684 0.028459 0.998152 0.764936
12 36
0.998593 0.024707 -0.046922 0.239342
-0.026480 0.998944 -0.037553 0.019001
0.045945 0.038743 0.998192 1.145621
79 597
0.766223 0.025436 0.642071 10.643677
0.005291 0.998933 -0.045888 -0.506085
-0.642553 0.038558 0.765271 4.523668
15 49
0.999201 0.004362 0.039735 0.272386
-0.002929 0.999346 -0.036045 0.013914
-0.039866 0.035900 0.998560 1.653134
80 610
0.766662 0.037990 0.640926 10.973461
-0.007841 0.998728 -0.049818 -0.545505
-0.642003 0.033168 0.765985 4.868478
16 54
0.995498 -0.005037 0.094651 0.322310
0.008422 0.999338 -0.035391 0.034123
-0.094410 0.036028 0.994881 1.821192
17 58
0.989735 -0.004513 0.142841 0.382184
0.011201 0.998876 -0.046053 0.036486
-0.142473 0.047181 0.988674 1.951160
18 63
0.976721 0.001966 0.214505 0.460328
0.008727 0.998766 -0.048891 0.021476
-0.214337 0.049625 0.975498 2.127252
20 72
0.933179 0.011434 0.359230 0.611098
0.007688 0.998630 -0.051759 0.016414
-0.359329 0.051062 0.931813 2.435845
21 76
0.908305 0.009441 0.418202 0.686471
0.014830 0.998390 -0.054747 0.024546
-0.418046 0.055928 0.906703 2.586170
22 80
0.871755 0.010439 0.489831 0.764800
0.023352 0.997751 -0.062824 0.017706
-0.489385 0.066205 0.869551 2.738131
25 94
0.653497 0.034362 0.756148 1.112019
0.028589 0.997136 -0.070021 0.013056
-0.756389 0.067376 0.650643 3.093643
26 101
0.507643 0.056380 0.859721 1.331508
0.026169 0.996387 -0.080794 -0.001434
-0.861170 0.063513 0.504334 3.175294
28 115
0.223277 0.077192 0.971694 1.758109
0.020732 0.996258 -0.083907 -0.028026
-0.974535 0.038879 0.220841 3.247084
30 127
-0.013707 0.087970 0.996029 2.164919
0.031849 0.995655 -0.087499 -0.057377
-0.999399 0.030523 -0.016450 3.231734
31 135
-0.214348 0.115944 0.969851 2.405011
0.045552 0.993036 -0.108649 -0.047476
-0.975695 0.020890 -0.218137 3.133227
33 148
-0.567712 0.146290 0.810125 2.690959
0.087539 0.989232 -0.117289 -0.095401
-0.818559 0.004331 -0.574405 2.841791
34 154
-0.717114 0.154275 0.679666 2.789544
0.107825 0.988010 -0.110500 -0.095976
-0.688564 -0.005956 -0.725151 2.681871
37 174
-0.973545 0.157582 0.165462 2.939149
0.149368 0.986896 -0.061045 -0.105789
-0.172913 -0.034715 -0.984325 2.140217
39 192
-0.990908 0.129343 -0.037039 2.821159
0.130896 0.990459 -0.043104 -0.134404
0.031110 -0.047561 -0.998384 1.552354
41 212
-0.994647 0.102504 0.013077 2.712393
0.101615 0.993221 -0.056454 -0.140949
-0.018775 -0.054823 -0.998320 0.902920
44 237
-0.981008 0.081672 0.175932 2.536313
0.067402 0.994045 -0.085627 -0.142085
-0.181877 -0.072143 -0.980671 0.132780
45 244
-0.960242 0.084220 0.266163 2.567202
0.063029 0.994195 -0.087198 -0.148312
-0.271961 -0.066955 -0.959976 -0.072205
46 250
-0.929403 0.081626 0.359927 2.612171
0.059305 0.995593 -0.072649 -0.166603
-0.364271 -0.046175 -0.930148 -0.248300
47 256
-0.879226 0.076313 0.470253 2.668240
0.045742 0.996049 -0.076115 -0.165797
-0.474204 -0.045412 -0.879243 -0.427123
49 270
-0.694805 0.075094 0.715267 2.881412
0.035801 0.996912 -0.069887 -0.199433
-0.718307 -0.022950 -0.695348 -0.797440
50 277
-0.599946 0.082911 0.795733 3.065557
0.033769 0.996353 -0.078355 -0.205445
-0.799328 -0.020138 -0.600558 -0.883462
51 284
-0.521389 0.101361 0.847278 3.267502
0.044863 0.994803 -0.091403 -0.216312
-0.852139 -0.009645 -0.523226 -0.948382
52 293
-0.447963 0.105791 0.887771 3.535115
0.048304 0.994388 -0.094122 -0.222401
-0.892746 0.000720 -0.450559 -1.022569
53 301
-0.404342 0.115483 0.907288 3.791906
0.043724 0.993303 -0.106945 -0.241615
-0.913562 -0.003573 -0.406684 -1.091306
54 309
-0.367739 0.106014 0.923866 4.063468
0.041348 0.994362 -0.097645 -0.267308
-0.929009 0.002292 -0.370049 -1.155346
55 318
-0.315580 0.110550 0.942437 4.385081
0.029411 0.993853 -0.106733 -0.276678
-0.948443 -0.005965 -0.316892 -1.196891
56 326
-0.276814 0.107886 0.954848 4.680457
0.024608 0.994147 -0.105192 -0.300060
-0.960608 -0.005622 -0.277849 -1.217170
57 335
-0.232016 0.099327 0.967627 5.014680
0.018528 0.995044 -0.097699 -0.301319
-0.972535 -0.004739 -0.232706 -1.273384
58 344
-0.187528 0.102293 0.976918 5.354452
0.027083 0.994723 -0.098959 -0.344410
-0.981886 0.007900 -0.189309 -1.346840
59 355
-0.138511 0.099918 0.985308 5.790123
0.021845 0.994964 -0.097826 -0.365101
-0.990120 0.007974 -0.139996 -1.361202
60 366
-0.099663 0.095888 0.990390 6.214789
0.018579 0.995352 -0.094498 -0.387210
-0.994848 0.008982 -0.100981 -1.362119
61 377
-0.062420 0.098583 0.993169 6.648371
0.009819 0.995122 -0.098160 -0.418293
-0.998002 0.003624 -0.063083 -1.432216
62 387
-0.035762 0.093920 0.994937 7.044265
0.009817 0.995559 -0.093626 -0.441532
-0.999312 0.006419 -0.036525 -1.489582
63 397
-0.005225 0.097991 0.995174 7.423112
0.007311 0.995164 -0.097952 -0.457937
-0.999960 0.006764 -0.005916 -1.508036
66 429
0.269641 0.089201 0.958821 8.506884
-0.027074 0.996009 -0.085047 -0.514483
-0.962580 -0.003026 0.270980 -1.464051
68 451
0.723919 0.077732 0.685492 9.112712
-0.048596 0.996909 -0.061725 -0.541079
-0.688172 0.011371 0.725459 -1.006901
69 463
0.903166 0.041336 0.427298 9.323616
-0.030446 0.999015 -0.032289 -0.560787
-0.428211 0.016153 0.903534 -0.592803
70 477
0.986029 0.023254 0.164941 9.322435
-0.023814 0.999715 0.001418 -0.541093
-0.164861 -0.005326 0.986302 -0.034257
71 495
0.996851 0.018462 0.077121 9.429326
-0.018204 0.999826 -0.004057 -0.535673
-0.077182 0.002640 0.997014 0.667188
77 571
0.821421 0.036616 0.569145 10.316108
0.001914 0.997754 -0.066952 -0.505082
-0.570319 0.056085 0.819507 3.609771
78 585
0.798647 0.031309 0.600985 10.475734
0.005185 0.998251 -0.058894 -0.511141
-0.601778 0.050151 0.797087 4.135756
82 633
0.881936 0.031904 0.470289 11.441038
-0.018000 0.999259 -0.034033 -0.548559
-0.471026 0.021550 0.881856 5.595732
83 644
0.939189 0.022160 0.342685 11.658645
-0.012771 0.999479 -0.029631 -0.543109
-0.343164 0.023453 0.938983 5.938421
85 663
0.998214 0.052634 0.028246 11.823369
-0.052374 0.998579 -0.009872 -0.530971
-0.028725 0.008375 0.999552 6.557051
86 672
0.983115 0.061576 -0.172315 11.797650
-0.063525 0.997963 -0.005814 -0.536166
0.171606 0.016662 0.985025 6.834481
87 681
0.913468 0.068893 -0.401035 11.702708
-0.065602 0.997604 0.021950 -0.514790
0.401586 0.006258 0.915800 7.115417
89 698
0.571669 0.046322 -0.819176 11.321281
-0.026886 0.998926 0.037724 -0.507995
0.820044 0.000459 0.572301 7.480618
90 712
0.293501 0.028663 -0.955529 10.823679
0.020152 0.999143 0.036162 -0.471037
0.955746 -0.029869 0.292672 7.544941
92 747
0.180608 0.006328 -0.983535 9.592931
0.039074 0.999144 0.013603 -0.387869
0.982779 -0.040887 0.180207 7.666356
93 768
0.210407 0.021598 -0.977375 8.774187
0.042482 0.998610 0.031213 -0.315611
0.976690 -0.048088 0.209197 7.832598
94 779
0.213422 0.012982 -0.976874 8.312716
0.040764 0.998923 0.022180 -0.308764
0.976109 -0.044555 0.212663 7.958450
95 797
0.238347 -0.014336 -0.971074 7.550388
0.061517 0.998106 0.000364 -0.251622
0.969230 -0.059825 0.238777 8.070665
98 838
0.198471 -0.015044 -0.979991 5.859200
0.048571 0.998805 -0.005496 -0.136172
0.978903 -0.046509 0.198964 8.479106
99 853
0.150645 -0.002600 -0.988584 5.235529
0.049999 0.998737 0.004992 -0.113314
0.987323 -0.050180 0.150585 8.727606
101 886
0.007934 0.010360 -0.999915 4.003225
0.037923 0.999224 0.010654 -0.027825
0.999249 -0.038004 0.007535 9.108529
102 900
-0.150852 0.031511 -0.988054 3.571992
0.050471 0.998434 0.024137 0.003166
0.987267 -0.046227 -0.152206 9.183413
103 913
-0.417136 0.044252 -0.907766 3.267741
0.068866 0.997481 0.016980 0.013828
0.906231 -0.055431 -0.419133 9.138800
104 928
-0.754614 0.069181 -0.652511 2.921664
0.091164 0.995836 0.000152 0.023571
0.649805 -0.059371 -0.757779 8.945404
106 968
-0.993677 0.111559 -0.012655 2.685710
0.111882 0.993312 -0.028540 0.015175
0.009387 -0.029775 -0.999513 7.539346
108 1012
-0.946620 0.106191 0.304359 2.660254
0.086858 0.993286 -0.076411 -0.014656
-0.310429 -0.045896 -0.949488 5.744941
111 1072
-0.945447 0.097857 0.310731 3.108366
0.071365 0.992864 -0.095541 0.532373
-0.317863 -0.068153 -0.945684 2.842212
112 1090
-0.951512 0.107507 0.288213 3.143208
0.081368 0.991531 -0.101224 0.542618
-0.296654 -0.072864 -0.952201 1.940401
113 1109
-0.930827 0.098017 0.352070 3.350281
0.065117 0.992429 -0.104135 0.650534
-0.359611 -0.074006 -0.930163 1.023086
117 1187
0.002325 0.096087 0.995370 5.332128
0.013929 0.995273 -0.096110 0.417994
-0.999900 0.014088 0.000975 -1.185126
121 1286
0.876924 0.070234 0.475471 8.873548
-0.056488 0.997470 -0.043159 0.124206
-0.477299 0.010989 0.878672 -0.708530
122 1312
0.995309 0.039971 0.088106 9.296858
-0.039380 0.999189 -0.008442 0.118365
-0.088372 0.004933 0.996075 0.260103
123 1340
0.999659 0.017949 0.018951 9.614161
-0.017900 0.999836 -0.002756 0.040415
-0.018997 0.002416 0.999817 1.290024
124 1367
0.999853 0.016534 0.004542 9.793694
-0.016514 0.999854 -0.004500 0.125729
-0.004616 0.004424 0.999980 2.468937
127 1431
0.990655 0.016472 -0.135394 10.567520
-0.015099 0.999824 0.011164 0.166754
0.135554 -0.009016 0.990729 5.382199
128 1450
0.956103 0.060048 -0.286812 10.627106
-0.060100 0.998155 0.008630 0.197947
0.286801 0.008986 0.957948 6.094739
130 1496
0.352411 0.029600 -0.935377 9.705607
0.011078 0.999298 0.035796 0.320602
0.935780 -0.022978 0.351836 7.340609
131 1529
-0.020132 0.027519 -0.999419 8.399978
0.049371 0.998429 0.026497 0.345284
0.998578 -0.048808 -0.021459 7.737959
132 1556
-0.111055 0.043962 -0.992841 7.343437
0.093292 0.995071 0.033626 0.377046
0.989426 -0.088890 -0.114609 8.135114
133 1594
-0.176068 0.023052 -0.984108 5.750009
0.064687 0.997836 0.011800 0.513639
0.982250 -0.061581 -0.177179 8.569440
134 1613
-0.250821 0.045677 -0.966955 4.860291
0.059795 0.997710 0.031619 0.642819
0.966185 -0.049888 -0.252978 8.623561
135 1630
-0.443718 0.063380 -0.893922 4.124939
0.045439 0.997804 0.048191 0.691823
0.895014 -0.019236 -0.445624 8.654416
136 1657
-0.897741 0.041103 -0.438601 3.353634
0.055877 0.998220 -0.020824 0.735038
0.436965 -0.043202 -0.898441 7.984471
137 1676
-0.991906 0.065887 -0.108542 2.914712
0.071186 0.996416 -0.045689 0.768285
0.105142 -0.053045 -0.993041 7.383904
138 1695
-0.996454 0.073403 0.041129 2.818778
0.070311 0.994913 -0.072147 0.774475
-0.046216 -0.069000 -0.996546 6.675421
139 1720
-0.987607 0.104919 0.116720 2.765167
0.100420 0.993981 -0.043797 0.759814
-0.120613 -0.031533 -0.992199 5.659464
140 1743
-0.964993 0.107267 0.239338 2.894563
0.094989 0.993528 -0.062290 0.782172
-0.244471 -0.037374 -0.968936 4.691358
141 1799
-0.801711 0.130757 0.583234 3.292602
0.101820 0.991392 -0.082302 0.478696
-0.588975 -0.006598 -0.808124 2.571602

0
0.000000 0.000000 0.000000 -nan
0.000000 0.000000 0.000000 -nan
-nan 0.000000 0.000000 -nan
1
0.000000 0.000000 0.000000 -nan
0.000000 0.000000 0.000000 -nan
-nan 0.000000 0.000000 -nan
2
0.999980 -0.005736 -0.002529 0.006125
0.005724 0.999973 -0.004682 0.001872
0.002556 0.004667 0.999986 0.057788
3
0.999977 -0.005928 -0.003321 0.009121
0.005918 0.999978 -0.002874 0.000932
0.003338 0.002855 0.999990 0.087120
4
0.999964 -0.006762 -0.005187 0.011752
0.006754 0.999976 -0.001524 0.001096
0.005197 0.001489 0.999985 0.118281
5
0.999946 -0.006494 -0.008106 0.018460
0.006468 0.999974 -0.003233 0.002496
0.008127 0.003181 0.999962 0.150742
6
0.999937 -0.006452 -0.009221 0.024167
0.006422 0.999974 -0.003301 0.005030
0.009242 0.003242 0.999952 0.181316
7
0.999931 -0.005374 -0.010427 0.029637
0.005320 0.999972 -0.005203 0.006860
0.010454 0.005147 0.999932 0.210559
8
0.999910 -0.005021 -0.012447 0.036377
0.004962 0.999976 -0.004739 0.008911
0.012471 0.004677 0.999911 0.242951
9
0.999877 -0.003779 -0.015216 0.041464
0.003695 0.999978 -0.005588 0.009994
0.015236 0.005532 0.999869 0.266185
10
0.999825 -0.001674 -0.018649 0.050641
0.001535 0.999971 -0.007441 0.012771
0.018661 0.007411 0.999798 0.298420
11
0.999786 0.000219 -0.020678 0.059918
-0.000421 0.999953 -0.009734 0.014199
0.020675 0.009740 0.999739 0.323149
12
0.999748 0.000710 -0.022434 0.071290
-0.000965 0.999935 -0.011352 0.016380
0.022424 0.011371 0.999684 0.358212
13
0.999680 0.002281 -0.025208 0.083979
-0.002618 0.999907 -0.013362 0.018591
0.025176 0.013424 0.999593 0.394089
14
0.999617 0.004974 -0.027222 0.096973
-0.005410 0.999858 -0.015964 0.020867
0.027139 0.016105 0.999502 0.431544
15
0.999566 0.007448 -0.028510 0.109061
-0.007952 0.999813 -0.017622 0.018568
0.028373 0.017841 0.999438 0.454642
16
0.999482 0.008792 -0.030964 0.123556
-0.009418 0.999753 -0.020136 0.018042
0.030780 0.020418 0.999318 0.492768
17
0.999397 0.010382 -0.033122 0.139564
-0.011116 0.999695 -0.022042 0.013505
0.032883 0.022397 0.999208 0.531418
18
0.999267 0.011016 -0.036670 0.149854
-0.011827 0.999689 -0.021959 0.006483
0.036417 0.022376 0.999086 0.553889
19
0.999104 0.013308 -0.040183 0.162386
-0.014156 0.999681 -0.020896 0.003082
0.039892 0.021446 0.998974 0.601373
20
0.999019 0.017677 -0.040593 0.169561
-0.018598 0.999575 -0.022436 0.002533
0.040179 0.023169 0.998924 0.642154
21
0.998785 0.023261 -0.043454 0.172906
-0.024280 0.999439 -0.023085 -0.000153
0.042893 0.024112 0.998789 0.658378
22
0.998637 0.027672 -0.044265 0.182178
-0.028775 0.999286 -0.024485 -0.006309
0.043556 0.025726 0.998720 0.689104
23
0.998533 0.027577 -0.046592 0.194802
-0.028817 0.999242 -0.026170 -0.007051
0.045835 0.027474 0.998571 0.723694
24
0.998414 0.028072 -0.048802 0.206816
-0.029454 0.999179 -0.027832 -0.008397
0.047981 0.029225 0.998421 0.762178
25
0.998195 0.027641 -0.053311 0.210340
-0.029070 0.999233 -0.026227 -0.009446
0.052545 0.027729 0.998234 0.787814
26
0.998019 0.029992 -0.055299 0.218784
-0.031460 0.999170 -0.025882 -0.009756
0.054477 0.027570 0.998134 0.826539
27
0.997867 0.030554 -0.057691 0.226150
-0.032162 0.999114 -0.027156 -0.008418
0.056811 0.028953 0.997965 0.863806
28
0.997752 0.031119 -0.059355 0.233042
-0.032891 0.999035 -0.029121 -0.007469
0.058392 0.031008 0.997812 0.901517
29
0.997647 0.030575 -0.061362 0.238166
-0.032461 0.999024 -0.029972 -0.004405
0.060386 0.031893 0.997665 0.939300
30
0.997520 0.030967 -0.063205 0.245428
-0.032982 0.998973 -0.031082 -0.001899
0.062178 0.033089 0.997516 0.980102
31
0.997709 0.029109 -0.061062 0.250024
-0.030992 0.999066 -0.030113 0.001739
0.060129 0.031936 0.997680 1.020227
32
0.997872 0.029540 -0.058127 0.252651
-0.031417 0.999005 -0.031639 0.005209
0.057134 0.033398 0.997808 1.059164
33
0.997997 0.028545 -0.056463 0.255838
-0.030449 0.998986 -0.033168 0.007295
0.055459 0.034821 0.997854 1.101508
34
0.998193 0.026695 -0.053837 0.257220
-0.028589 0.998988 -0.034709 0.010828
0.052856 0.036185 0.997946 1.140214
35
0.998395 0.026232 -0.050195 0.257408
-0.028016 0.998988 -0.035179 0.014992
0.049222 0.036529 0.998120 1.184511
36
0.998537 0.025311 -0.047792 0.256506
-0.027069 0.998967 -0.036504 0.019626
0.046818 0.037744 0.998190 1.231293
37
0.998660 0.024360 -0.045667 0.254418
-0.026195 0.998855 -0.040020 0.024887
0.044640 0.041162 0.998155 1.277109
38
0.998822 0.023771 -0.042308 0.253887
-0.025601 0.998735 -0.043267 0.019340
0.041226 0.044299 0.998167 1.313284
39
0.999012 0.021737 -0.038758 0.254391
-0.023352 0.998857 -0.041710 0.017308
0.037807 0.042573 0.998378 1.365871
40
0.999231 0.020849 -0.033206 0.254376
-0.022149 0.998983 -0.039270 0.018906
0.032353 0.039975 0.998677 1.417978
41
0.999383 0.021547 -0.027755 0.252368
-0.022619 0.998986 -0.038927 0.016225
0.026888 0.039530 0.998857 1.462945
42
0.999625 0.019252 -0.019481 0.253992
-0.020021 0.998994 -0.040116 0.010767
0.018689 0.040491 0.999005 1.499639
43
0.999811 0.014266 -0.013191 0.258190
-0.014791 0.999065 -0.040617 0.014003
0.012600 0.040804 0.999088 1.538394
44
0.999901 0.013133 -0.005029 0.261079
-0.013331 0.999052 -0.041449 0.014354
0.004480 0.041512 0.999128 1.579240
45
0.999924 0.012184 0.001935 0.265144
-0.012094 0.999071 -0.041355 0.009459
-0.002437 0.041328 0.999143 1.618640
46
0.999888 0.010787 0.010415 0.270955
-0.010370 0.999174 -0.039300 0.008425
-0.010830 0.039187 0.999173 1.659170
47
0.999773 0.007430 0.019963 0.276625
-0.006673 0.999267 -0.037684 0.011994
-0.020229 0.037542 0.999090 1.692560
48
0.999536 0.006280 0.029795 0.282034
-0.005195 0.999326 -0.036349 0.014248
-0.030004 0.036177 0.998895 1.728915
49
0.999158 0.004364 0.040784 0.289803
-0.002955 0.999398 -0.034559 0.015321
-0.040910 0.034410 0.998570 1.765125
50
0.998677 0.002352 0.051371 0.299219
-0.000590 0.999412 -0.034290 0.019388
-0.051421 0.034214 0.998091 1.802922
51
0.998064 -0.000115 0.062199 0.309302
0.002236 0.999418 -0.034039 0.024320
-0.062159 0.034112 0.997483 1.841111
52
0.997417 -0.000470 0.071830 0.320702
0.002845 0.999452 -0.032969 0.026860
-0.071775 0.033088 0.996872 1.877572
53
0.996586 -0.002939 0.082506 0.328251
0.005687 0.999436 -0.033089 0.032721
-0.082362 0.033445 0.996041 1.895873
54
0.995457 -0.004837 0.095090 0.341319
0.008141 0.999376 -0.034384 0.036462
-0.094864 0.035002 0.994875 1.931170
55
0.994262 -0.004713 0.106873 0.356697
0.008624 0.999309 -0.036161 0.040114
-0.106628 0.036875 0.993615 1.967174
56
0.992917 -0.005068 0.118705 0.371184
0.009865 0.999157 -0.039859 0.046042
-0.118403 0.040747 0.992129 2.003697
57
0.991394 -0.003985 0.130852 0.386712
0.009719 0.999019 -0.043210 0.042091
-0.130552 0.044110 0.990460 2.034803
58
0.989646 -0.004753 0.143448 0.403913
0.011336 0.998918 -0.045112 0.039394
-0.143079 0.046271 0.988629 2.063246
59
0.987709 -0.004375 0.156245 0.422142
0.011670 0.998882 -0.045804 0.038405
-0.155870 0.047065 0.986656 2.101354
60
0.985712 -0.003713 0.168400 0.438843
0.011481 0.998913 -0.045176 0.037811
-0.168049 0.046464 0.984683 2.142025
61
0.983168 -0.000870 0.182703 0.452128
0.009617 0.998849 -0.046994 0.034542
-0.182452 0.047960 0.982044 2.178127
62
0.980203 0.001658 0.197989 0.463312
0.008250 0.998755 -0.049204 0.029504
-0.197824 0.049864 0.978968 2.187833
63
0.976750 0.001290 0.214378 0.481790
0.009181 0.998813 -0.047844 0.023555
-0.214185 0.048700 0.975578 2.224868
64
0.972947 0.001834 0.231020 0.500719
0.009215 0.998865 -0.046739 0.019073
-0.230843 0.047604 0.971826 2.259970
65
0.969115 0.002565 0.246598 0.516316
0.009023 0.998908 -0.045851 0.018365
-0.246446 0.046660 0.968033 2.295024
66
0.964668 0.005252 0.263416 0.533307
0.007357 0.998874 -0.046861 0.015574
-0.263365 0.047144 0.963544 2.330024
67
0.959904 0.007327 0.280232 0.545280
0.006953 0.998729 -0.049929 0.014557
-0.280242 0.049875 0.958633 2.345412
68
0.955301 0.009058 0.295496 0.559302
0.006205 0.998696 -0.050676 0.012945
-0.295569 0.050245 0.953999 2.377470
69
0.949929 0.009639 0.312318 0.578608
0.006341 0.998724 -0.050110 0.012703
-0.312403 0.049582 0.948655 2.414215
70
0.944530 0.009639 0.328283 0.597618
0.007216 0.998719 -0.050086 0.015043
-0.328345 0.049676 0.943251 2.452596
71
0.938961 0.009910 0.343881 0.612845
0.007886 0.998702 -0.050314 0.016509
-0.343934 0.049955 0.937664 2.475898
72
0.933168 0.010988 0.359272 0.630994
0.008055 0.998642 -0.051465 0.017849
-0.359350 0.050919 0.931813 2.513741
73
0.927093 0.010423 0.374687 0.648969
0.010560 0.998490 -0.053904 0.018707
-0.374684 0.053931 0.925583 2.550076
74
0.920866 0.010843 0.389728 0.668369
0.011459 0.998429 -0.054854 0.019518
-0.389711 0.054979 0.919295 2.588975
75
0.914603 0.010101 0.404226 0.687106
0.012612 0.998489 -0.053485 0.023361
-0.404155 0.054016 0.913094 2.627979
76
0.908414 0.009034 0.417974 0.703201
0.015005 0.998418 -0.054191 0.026191
-0.417802 0.055500 0.906841 2.650494
77
0.900582 0.008835 0.434596 0.721601
0.017985 0.998180 -0.057562 0.029836
-0.434314 0.059656 0.898784 2.687868
78
0.891379 0.007621 0.453195 0.737676
0.022710 0.997852 -0.061449 0.028461
-0.452690 0.065067 0.889291 2.719421
79
0.881223 0.006069 0.472661 0.763561
0.026428 0.997721 -0.062083 0.023393
-0.471961 0.067200 0.879055 2.764834
80
0.871879 0.009422 0.489631 0.780397
0.024087 0.997780 -0.062091 0.019238
-0.489129 0.065930 0.869716 2.792768
81
0.859567 0.010859 0.510908 0.799848
0.023029 0.997935 -0.059956 0.014905
-0.510505 0.063302 0.857542 2.831599
82
0.846673 0.014396 0.531919 0.819546
0.021728 0.997865 -0.061592 0.014697
-0.531670 0.063705 0.844553 2.864967
83
0.834384 0.015662 0.550961 0.834633
0.023946 0.997622 -0.064623 0.014099
-0.550664 0.067114 0.832025 2.892968
84
0.822449 0.016858 0.568589 0.847182
0.024955 0.997529 -0.065672 0.011476
-0.568291 0.068201 0.819996 2.902016
85
0.808866 0.017960 0.587719 0.869963
0.024608 0.997624 -0.064355 0.009615
-0.587478 0.066517 0.806502 2.929526
86
0.794489 0.019757 0.606957 0.893437
0.025167 0.997541 -0.065414 0.006629
-0.606756 0.067246 0.792038 2.957972
87
0.779266 0.019867 0.626378 0.918580
0.027148 0.997489 -0.065412 0.006400
-0.626105 0.067979 0.776770 2.981987
88
0.764300 0.020424 0.644538 0.929528
0.029991 0.997291 -0.067165 0.006020
-0.644163 0.070664 0.761617 2.979318
89
0.747842 0.022701 0.663489 0.957920
0.031696 0.997055 -0.069840 0.007638
-0.663120 0.073259 0.744919 3.003346
90
0.730055 0.024565 0.682947 0.985788
0.033145 0.996905 -0.071289 0.009306
-0.682585 0.074681 0.726981 3.025269
91
0.711307 0.025384 0.702423 1.014677
0.032269 0.997115 -0.068711 0.011789
-0.702141 0.071541 0.708435 3.047505
92
0.693560 0.027097 0.719889 1.038996
0.031393 0.997206 -0.067781 0.011119
-0.719714 0.069610 0.690772 3.049188
93
0.674353 0.030220 0.737790 1.069508
0.029855 0.997229 -0.068136 0.012760
-0.737805 0.067974 0.671582 3.067458
94
0.655325 0.032582 0.754644 1.100585
0.030043 0.997154 -0.069141 0.014997
-0.754750 0.067981 0.652481 3.083761
95
0.634186 0.037917 0.772251 1.130197
0.029344 0.996897 -0.073045 0.018740
-0.772624 0.068985 0.631105 3.099840
96
0.613459 0.044258 0.788485 1.161440
0.028627 0.996526 -0.078208 0.018085
-0.789207 0.070549 0.610061 3.114095
97
0.593417 0.045976 0.803581 1.188655
0.030851 0.996334 -0.079787 0.015898
-0.804304 0.072138 0.589823 3.123129
98
0.573018 0.045113 0.818301 1.225455
0.030587 0.996611 -0.076362 0.015178
-0.818972 0.068786 0.569696 3.133982
99
0.552736 0.047448 0.832005 1.260958
0.030043 0.996594 -0.076794 0.009535
-0.832815 0.067443 0.549428 3.143736
100
0.531521 0.051599 0.845472 1.290044
0.028890 0.996458 -0.078976 0.004294
-0.846552 0.066404 0.528148 3.151485
101
0.509576 0.054549 0.858694 1.318001
0.028153 0.996397 -0.080004 -0.000812
-0.859965 0.064943 0.506205 3.157866
102
0.488578 0.055212 0.870772 1.348406
0.029499 0.996380 -0.079728 -0.004259
-0.872021 0.064640 0.485181 3.163032
103
0.467585 0.054783 0.882249 1.380318
0.030117 0.996511 -0.077840 -0.007799
-0.883435 0.062968 0.464304 3.170685
104
0.446116 0.056124 0.893214 1.409398
0.029119 0.996593 -0.077163 -0.012652
-0.894501 0.060433 0.442962 3.177470
105
0.425634 0.058711 0.902989 1.433945
0.028290 0.996542 -0.078128 -0.019335
-0.904453 0.058800 0.422501 3.181136
106
0.405586 0.060758 0.912036 1.460081
0.029572 0.996394 -0.079528 -0.021076
-0.913579 0.059226 0.402326 3.186384
107
0.385566 0.062656 0.920550 1.489311
0.027390 0.996475 -0.079296 -0.018536
-0.922274 0.055788 0.382491 3.191384
108
0.364505 0.063216 0.929053 1.522684
0.027887 0.996505 -0.078747 -0.022832
-0.930784 0.054612 0.361468 3.196384
109
0.341729 0.063586 0.937645 1.552343
0.026972 0.996634 -0.077416 -0.022119
-0.939411 0.051745 0.338864 3.199784
110
0.321536 0.063620 0.944758 1.582601
0.025664 0.996788 -0.075858 -0.022500
-0.946550 0.048637 0.318870 3.203053
111
0.300362 0.064632 0.951633 1.616870
0.024057 0.996871 -0.075297 -0.024436
-0.953522 0.045510 0.297867 3.209556
112
0.280037 0.068021 0.957576 1.647113
0.023407 0.996706 -0.077646 -0.026378
-0.959704 0.044158 0.277522 3.215691
113
0.261171 0.071816 0.962617 1.673484
0.021300 0.996557 -0.080127 -0.026568
-0.965058 0.041431 0.258742 3.219868
114
0.243866 0.074069 0.966976 1.702242
0.021789 0.996409 -0.081819 -0.027971
-0.969564 0.041022 0.241377 3.222974
115
0.225727 0.075590 0.971254 1.737281
0.022512 0.996314 -0.082772 -0.027261
-0.973930 0.040549 0.223193 3.224214
116
0.206561 0.077571 0.975354 1.774639
0.021114 0.996267 -0.083706 -0.024151
-0.978206 0.037884 0.204152 3.228940
117
0.187909 0.080414 0.978889 1.801913
0.021845 0.996054 -0.086018 -0.028209
-0.981944 0.037547 0.185411 3.233533
118
0.169259 0.081612 0.982187 1.834061
0.019959 0.996077 -0.086205 -0.028699
-0.985370 0.034194 0.166966 3.236306
119
0.150082 0.080466 0.985394 1.879030
0.019592 0.996245 -0.084336 -0.029118
-0.988479 0.031963 0.147942 3.236874
120
0.128392 0.081587 0.988362 1.919304
0.019515 0.996209 -0.084770 -0.035657
-0.991532 0.030172 0.126313 3.240231
121
0.110571 0.082391 0.990447 1.951006
0.020125 0.996168 -0.085114 -0.041117
-0.993664 0.029344 0.108489 3.242616
122
0.089673 0.083364 0.992476 1.980076
0.023099 0.996049 -0.085752 -0.046489
-0.995703 0.030615 0.087393 3.240870
123
0.071484 0.087283 0.993616 2.004563
0.025225 0.995687 -0.089279 -0.045059
-0.997123 0.031446 0.068974 3.238897
124
0.053741 0.088075 0.994663 2.032612
0.025627 0.995653 -0.089547 -0.045142
-0.998226 0.030303 0.051251 3.233739
125
0.031572 0.085967 0.995798 2.077840
0.027210 0.995851 -0.086834 -0.048034
-0.999131 0.029837 0.029102 3.232995
126
0.009481 0.084418 0.996385 2.112149
0.030082 0.995955 -0.084668 -0.051163
-0.999502 0.030776 0.006903 3.225323
127
-0.011256 0.086085 0.996224 2.140548
0.032636 0.995788 -0.085679 -0.052819
-0.999404 0.031549 -0.014018 3.216521
128
-0.033528 0.089004 0.995467 2.166814
0.035289 0.995511 -0.087820 -0.054004
-0.998815 0.032184 -0.036519 3.210913
129
-0.056566 0.091988 0.994152 2.197046
0.038389 0.995211 -0.089902 -0.051918
-0.997661 0.033079 -0.059827 3.199942
130
-0.081127 0.094384 0.992225 2.230872
0.041425 0.994965 -0.091258 -0.052060
-0.995843 0.033699 -0.084628 3.187580
131
-0.106437 0.098424 0.989436 2.254338
0.043215 0.994606 -0.094289 -0.051406
-0.993380 0.032723 -0.110116 3.175117
132
-0.132213 0.103016 0.985854 2.281017
0.044072 0.994212 -0.097979 -0.051182
-0.990241 0.030495 -0.135988 3.157521
133
-0.158581 0.106837 0.981549 2.313051
0.043970 0.993906 -0.101078 -0.047759
-0.986366 0.027129 -0.162312 3.143235
134
-0.185121 0.109678 0.976576 2.345217
0.045042 0.993655 -0.103058 -0.046173
-0.981683 0.024909 -0.188886 3.126706
135
-0.211436 0.114028 0.970718 2.370779
0.045556 0.993242 -0.106751 -0.044585
-0.976330 0.021651 -0.215201 3.110226
136
-0.237902 0.123790 0.963368 2.379879
0.052399 0.992036 -0.114533 -0.061228
-0.969875 0.023232 -0.242494 3.100586
137
-0.263759 0.124267 0.956551 2.397122
0.055795 0.991972 -0.113484 -0.056631
-0.962974 0.023438 -0.268575 3.085831
138
-0.291666 0.124481 0.948386 2.443915
0.055515 0.992027 -0.113136 -0.049051
-0.954908 0.019652 -0.296251 3.053623
139
-0.319791 0.127489 0.938872 2.476792
0.054027 0.991748 -0.116267 -0.047000
-0.945947 0.013543 -0.324040 3.031164
140
-0.348340 0.130967 0.928174 2.507917
0.055644 0.991334 -0.118996 -0.063018
-0.935715 0.010196 -0.352609 3.032463
141
-0.374947 0.133339 0.917407 2.527060
0.060599 0.991011 -0.119270 -0.071383
-0.925064 0.010874 -0.379656 3.012639
142
-0.403086 0.134959 0.905156 2.550192
0.064545 0.990796 -0.118984 -0.068888
-0.912883 0.010462 -0.408087 2.989996
143
-0.430834 0.134949 0.892284 2.575106
0.067066 0.990810 -0.117468 -0.068963
-0.899936 0.009233 -0.435925 2.960558
144
-0.458555 0.136094 0.878183 2.596213
0.070213 0.990663 -0.116863 -0.075054
-0.885888 0.008071 -0.463829 2.937068
145
-0.486066 0.138051 0.862949 2.615551
0.073260 0.990405 -0.117177 -0.081035
-0.870846 0.006264 -0.491516 2.915363
146
-0.513321 0.139652 0.846758 2.636470
0.075332 0.990195 -0.117641 -0.085289
-0.854884 0.003401 -0.518808 2.891590
147
-0.538708 0.142358 0.830378 2.660784
0.081279 0.989805 -0.116960 -0.090652
-0.838563 0.004486 -0.544786 2.879584
148
-0.565959 0.144455 0.811679 2.679237
0.085877 0.989504 -0.116223 -0.089258
-0.819948 0.003928 -0.572424 2.851537
149
-0.592530 0.145770 0.792250 2.694546
0.088913 0.989316 -0.115530 -0.088479
-0.800627 0.001986 -0.599160 2.823795
150
-0.618198 0.147329 0.772092 2.712363
0.092009 0.989088 -0.115066 -0.086611
-0.780619 -0.000094 -0.625007 2.795087
151
-0.645040 0.148632 0.749554 2.727187
0.094500 0.988887 -0.114766 -0.089619
-0.758283 -0.003196 -0.651918 2.776188
152
-0.669927 0.149492 0.727221 2.745866
0.097506 0.988750 -0.113430 -0.088252
-0.735996 -0.005081 -0.676967 2.744271
153
-0.693479 0.150771 0.704524 2.770138
0.101701 0.988553 -0.111448 -0.092242
-0.713263 -0.005636 -0.700874 2.721337
154
-0.716209 0.152801 0.680953 2.788836
0.106390 0.988237 -0.109855 -0.091880
-0.689729 -0.006233 -0.724041 2.694223
155
-0.738947 0.155074 0.655675 2.805934
0.109594 0.987857 -0.110126 -0.085193
-0.664791 -0.009519 -0.746969 2.661930
156
-0.760309 0.158220 0.629998 2.823747
0.113349 0.987317 -0.111164 -0.081859
-0.639596 -0.013110 -0.768600 2.626478
157
-0.781933 0.162619 0.601778 2.835648
0.120404 0.986594 -0.110159 -0.088975
-0.611624 -0.013680 -0.791030 2.610090
158
-0.800431 0.161190 0.577346 2.855575
0.124504 0.986868 -0.102913 -0.094834
-0.586352 -0.010493 -0.809988 2.585895
159
-0.819357 0.157035 0.551357 2.886221
0.123379 0.987518 -0.097911 -0.092774
-0.559850 -0.012198 -0.828504 2.552223
160
-0.838799 0.155574 0.521740 2.902911
0.122106 0.987648 -0.098191 -0.089413
-0.530571 -0.018654 -0.847435 2.513843
161
-0.853967 0.163511 0.493968 2.909468
0.130650 0.986310 -0.100617 -0.096209
-0.503658 -0.021387 -0.863638 2.508178
162
-0.868984 0.166446 0.466007 2.919713
0.137298 0.985857 -0.096097 -0.100511
-0.475412 -0.019525 -0.879547 2.488543
163
-0.882582 0.164919 0.440285 2.927655
0.138949 0.986124 -0.090843 -0.098756
-0.449157 -0.018999 -0.893251 2.452243
164
-0.895820 0.163930 0.413079 2.940145
0.139973 0.986251 -0.087842 -0.105430
-0.421799 -0.020871 -0.906449 2.440774
165
-0.906868 0.166004 0.387341 2.947060
0.143129 0.985837 -0.087400 -0.109137
-0.396364 -0.023820 -0.917784 2.416150
166
-0.917940 0.167460 0.359642 2.952255
0.146301 0.985540 -0.085483 -0.111758
-0.368757 -0.025852 -0.929166 2.394815
167
-0.927850 0.168567 0.332685 2.959294
0.149167 0.985304 -0.083219 -0.111181
-0.341824 -0.027589 -0.939359 2.373844
168
-0.936616 0.169564 0.306592 2.960274
0.152272 0.985124 -0.079654 -0.112573
-0.315537 -0.027920 -0.948502 2.349910
169
-0.944466 0.168954 0.281849 2.961635
0.154188 0.985271 -0.073941 -0.109988
-0.290190 -0.026377 -0.956605 2.321248
170
-0.952229 0.164948 0.257005 2.965532
0.151996 0.985926 -0.069617 -0.109228
-0.264871 -0.027228 -0.963899 2.297340
171
-0.958750 0.163376 0.232607 2.967693
0.151519 0.986107 -0.068088 -0.109919
-0.240499 -0.030035 -0.970185 2.267347
172
-0.964242 0.161883 0.209837 2.965876
0.151249 0.986298 -0.065880 -0.113235
-0.217627 -0.031787 -0.975514 2.243659
173
-0.969094 0.159551 0.188152 2.965573
0.150261 0.986654 -0.062738 -0.107446
-0.195651 -0.032527 -0.980134 2.209582
174
-0.973364 0.156109 0.167905 2.962986
0.147678 0.987112 -0.061658 -0.105985
-0.175367 -0.035220 -0.983873 2.172030
175
-0.977039 0.152982 0.148296 2.961245
0.145531 0.987537 -0.059920 -0.103346
-0.155615 -0.036963 -0.987126 2.137635
176
-0.980125 0.150977 0.128687 2.957528
0.144134 0.987678 -0.060978 -0.101230
-0.136308 -0.041218 -0.989809 2.099214
177
-0.981947 0.153063 0.111142 2.942470
0.147182 0.987326 -0.059365 -0.107254
-0.118820 -0.041936 -0.992030 2.078414
178
-0.983920 0.151247 0.095005 2.933564
0.146348 0.987612 -0.056609 -0.107274
-0.102390 -0.041795 -0.993866 2.044032
179
-0.985755 0.148745 0.078498 2.930333
0.144555 0.987874 -0.056638 -0.110945
-0.085971 -0.044484 -0.995304 2.005677
180
-0.987198 0.146485 0.063108 2.922487
0.143140 0.988193 -0.054635 -0.118044
-0.070367 -0.044902 -0.996510 1.980616
181
-0.988414 0.143238 0.050214 2.915002
0.140589 0.988657 -0.052837 -0.121731
-0.057212 -0.045166 -0.997340 1.945864
182
-0.989140 0.142183 0.037225 2.904784
0.140098 0.988683 -0.053651 -0.124632
-0.044432 -0.047853 -0.997866 1.915838
183
-0.989624 0.141195 0.026613 2.895535
0.139557 0.988645 -0.055721 -0.125017
-0.034178 -0.051429 -0.998092 1.891395
184
-0.989785 0.141527 0.017217 2.883731
0.140401 0.988577 -0.054793 -0.126512
-0.024775 -0.051816 -0.998349 1.860335
185
-0.990275 0.138922 0.007478 2.877365
0.138338 0.988966 -0.052992 -0.129686
-0.014757 -0.051443 -0.998567 1.826813
186
-0.990657 0.136373 -0.001112 2.873389
0.136258 0.989420 -0.049819 -0.131185
-0.005694 -0.049505 -0.998758 1.787604
187
-0.990798 0.134941 -0.010517 2.871163
0.135289 0.989697 -0.046865 -0.134062
0.004085 -0.047856 -0.998846 1.746060
188
-0.990943 0.133062 -0.018045 2.865672
0.133749 0.990012 -0.044579 -0.138209
0.011933 -0.046589 -0.998843 1.709854
189
-0.991018 0.131559 -0.023975 2.859469
0.132494 0.990259 -0.042810 -0.138534
0.018110 -0.045602 -0.998796 1.676758
190
-0.990999 0.130609 -0.029354 2.854728
0.131775 0.990384 -0.042120 -0.139910
0.023570 -0.045609 -0.998681 1.642737
191
-0.991160 0.128835 -0.031690 2.847674
0.130118 0.990591 -0.042423 -0.137235
0.025926 -0.046171 -0.998597 1.612630
192
-0.991214 0.128039 -0.033165 2.841654
0.129421 0.990632 -0.043577 -0.135557
0.027275 -0.047487 -0.998499 1.577113
193
-0.991370 0.126495 -0.034413 2.835998
0.127978 0.990757 -0.044975 -0.131698
0.028406 -0.048991 -0.998395 1.543150
194
-0.991426 0.125761 -0.035479 2.829158
0.127307 0.990827 -0.045328 -0.131914
0.029453 -0.049456 -0.998342 1.510619
195
-0.991764 0.123454 -0.034105 2.824659
0.124935 0.991128 -0.045360 -0.130462
0.028203 -0.049247 -0.998388 1.475004
196
-0.992088 0.121081 -0.033169 2.821632
0.122494 0.991470 -0.044532 -0.129144
0.027495 -0.048243 -0.998457 1.439347
197
-0.992612 0.117085 -0.031823 2.819703
0.118490 0.991863 -0.046570 -0.126215
0.026111 -0.049997 -0.998408 1.401229
198
-0.992864 0.115369 -0.030168 2.811553
0.116733 0.991992 -0.048228 -0.126740
0.024362 -0.051405 -0.998381 1.369166
199
-0.993151 0.113855 -0.026227 2.805748
0.115011 0.992212 -0.047838 -0.129082
0.020576 -0.050527 -0.998511 1.339190
200
-0.993390 0.112494 -0.022826 2.802699
0.113464 0.992433 -0.046935 -0.130083
0.017373 -0.049215 -0.998637 1.297608
201
-0.993532 0.111391 -0.022053 2.801477
0.112312 0.992598 -0.046200 -0.133989
0.016744 -0.048378 -0.998689 1.258346
202
-0.993776 0.109816 -0.018719 2.796011
0.110588 0.992755 -0.046990 -0.136479
0.013423 -0.048768 -0.998720 1.226527
203
-0.993779 0.110085 -0.016890 2.792116
0.110792 0.992631 -0.049076 -0.138930
0.011363 -0.050642 -0.998652 1.199579
204
-0.993940 0.109209 -0.012523 2.784451
0.109716 0.992608 -0.051882 -0.138989
0.006764 -0.052942 -0.998575 1.168473
205
-0.994217 0.107115 -0.007714 2.778460
0.107369 0.992931 -0.050587 -0.140253
0.002241 -0.051123 -0.998690 1.135620
206
-0.994252 0.106957 -0.004779 2.774086
0.107062 0.993001 -0.049866 -0.144061
-0.000588 -0.050091 -0.998744 1.096012
207
-0.994184 0.107658 -0.002708 2.768115
0.107660 0.992958 -0.049430 -0.146648
-0.002632 -0.049434 -0.998774 1.061891
208
-0.994422 0.105388 0.004290 2.759811
0.105031 0.993140 -0.051390 -0.146312
-0.009676 -0.050652 -0.998669 1.031639
209
-0.994440 0.105022 0.007675 2.752249
0.104450 0.993021 -0.054771 -0.144217
-0.013374 -0.053665 -0.998469 1.001335
210
-0.994490 0.104202 0.011456 2.741748
0.103408 0.993062 -0.055991 -0.144200
-0.017211 -0.054498 -0.998366 0.972317
211
-0.994459 0.104047 0.015036 2.732109
0.103061 0.993105 -0.055873 -0.142129
-0.020746 -0.054013 -0.998325 0.941430
212
-0.994617 0.102081 0.017775 2.722038
0.100934 0.993285 -0.056543 -0.138398
-0.023427 -0.054445 -0.998242 0.907991
213
-0.994778 0.100100 0.019916 2.712171
0.098819 0.993454 -0.057310 -0.138866
-0.025523 -0.055042 -0.998158 0.880463
214
-0.994439 0.102938 0.022266 2.700929
0.101474 0.993081 -0.059110 -0.136270
-0.028196 -0.056521 -0.998003 0.845289
215
-0.994770 0.098879 0.025590 2.687941
0.097187 0.993420 -0.060590 -0.135360
-0.031413 -0.057786 -0.997835 0.814504
216
-0.995058 0.095119 0.028479 2.677824
0.093222 0.993724 -0.061829 -0.133523
-0.034181 -0.058869 -0.997680 0.780895
217
-0.995107 0.092616 0.034413 2.663028
0.090207 0.993735 -0.065987 -0.132379
-0.040309 -0.062560 -0.997227 0.753302
218
-0.994998 0.091656 0.039718 2.647962
0.088884 0.993807 -0.066688 -0.132060
-0.045584 -0.062824 -0.996983 0.722531
219
-0.995019 0.089391 0.044109 2.636738
0.086264 0.993927 -0.068321 -0.134232
-0.049948 -0.064176 -0.996688 0.684904
220
-0.994912 0.087306 0.050270 2.623045
0.083621 0.993947 -0.071250 -0.133778
-0.056186 -0.066684 -0.996191 0.653153
221
-0.994681 0.086740 0.055550 2.612117
0.082623 0.993936 -0.072557 -0.138613
-0.061506 -0.067581 -0.995816 0.619302
222
-0.994430 0.086297 0.060511 2.605255
0.081730 0.993883 -0.074280 -0.137665
-0.066551 -0.068921 -0.995400 0.580786
223
-0.994290 0.085232 0.064212 2.596545
0.080129 0.993709 -0.078247 -0.137101
-0.070477 -0.072655 -0.994864 0.549749
224
-0.993766 0.086934 0.069799 2.582424
0.081246 0.993432 -0.080569 -0.139868
-0.076345 -0.074396 -0.994302 0.523733
225
-0.993314 0.087628 0.075154 2.574201
0.081606 0.993468 -0.079761 -0.145301
-0.081652 -0.073095 -0.993977 0.488928
226
-0.992944 0.087067 0.080506 2.569304
0.080469 0.993390 -0.081861 -0.147088
-0.087101 -0.074805 -0.993387 0.451717
227
-0.992485 0.087270 0.085779 2.564574
0.080321 0.993442 -0.081375 -0.147570
-0.092318 -0.073874 -0.992985 0.418229
228
-0.991840 0.086722 0.093445 2.556484
0.079032 0.993404 -0.083075 -0.148383
-0.100033 -0.075012 -0.992152 0.383878
229
-0.991237 0.085213 0.100939 2.550192
0.076545 0.993277 -0.086839 -0.150907
-0.107661 -0.078352 -0.991095 0.357380
230
-0.990224 0.086728 0.109245 2.544679
0.077516 0.993281 -0.085929 -0.150990
-0.115963 -0.076621 -0.990294 0.320352
231
-0.989102 0.087466 0.118439 2.541031
0.077449 0.993220 -0.086693 -0.150788
-0.125219 -0.076575 -0.989170 0.293652
232
-0.988085 0.085816 0.127761 2.539022
0.075231 0.993494 -0.085502 -0.149033
-0.134267 -0.074872 -0.988113 0.262736
233
-0.986908 0.084425 0.137425 2.540829
0.073038 0.993623 -0.085905 -0.143909
-0.143801 -0.074743 -0.986780 0.229935
234
-0.985527 0.083541 0.147505 2.542692
0.071203 0.993657 -0.087039 -0.141304
-0.153841 -0.075276 -0.985224 0.201857
235
-0.984066 0.082806 0.157343 2.542954
0.069531 0.993683 -0.088087 -0.139023
-0.163643 -0.075744 -0.983608 0.170761
236
-0.982123 0.082679 0.169110 2.542083
0.068731 0.993857 -0.086739 -0.137872
-0.175243 -0.073566 -0.981773 0.142770
237
-0.980252 0.081416 0.180213 2.544106
0.066954 0.994135 -0.084933 -0.138289
-0.186071 -0.071189 -0.979954 0.114977
238
-0.978161 0.080128 0.191785 2.549602
0.064693 0.994241 -0.085441 -0.134286
-0.197526 -0.071168 -0.977711 0.080948
239
-0.975839 0.079770 0.203409 2.553668
0.063311 0.994265 -0.086188 -0.135541
-0.209118 -0.071227 -0.975293 0.054551
240
-0.972808 0.082566 0.216398 2.558804
0.065316 0.994178 -0.085702 -0.138706
-0.222214 -0.069237 -0.972536 0.023819
241
-0.970022 0.081606 0.228904 2.567676
0.063859 0.994425 -0.083908 -0.140024
-0.234475 -0.066775 -0.969826 -0.011639
242
