56
694
5758

64 327
0.058822 0.001498 0.998267 0.586642
0.000860 0.999998 -0.001551 0.000295
-0.998268 0.000950 0.058821 1.853022
0 2
1.000000 0.000000 0.000000 -0.000000
0.000000 1.000000 0.000000 -0.000000
0.000000 0.000000 1.000000 -0.000000
65 335
0.078127 0.001196 0.996943 0.625246
0.000621 0.999999 -0.001248 0.000661
-0.996943 0.000717 0.078126 1.843048
1 8
0.999985 -0.000406 0.005429 0.011457
0.000404 1.000000 0.000391 -0.008912
-0.005429 -0.000389 0.999985 -0.001537
5 20
0.999418 -0.000259 0.034117 0.052347
0.000259 1.000000 -0.000004 -0.043215
-0.034117 0.000013 0.999418 -0.008760
71 381
-0.588920 0.001777 0.808190 0.962789
0.001905 0.999998 -0.000811 0.000371
-0.808189 0.001061 -0.588922 1.659044
76 424
-0.999703 0.001784 -0.024305 1.075646
0.001766 0.999998 0.000751 -0.000995
0.024306 0.000707 -0.999704 1.287890
12 53
0.994232 0.000193 0.107246 0.004753
-0.000145 1.000000 -0.000454 -0.039860
-0.107246 0.000436 0.994232 -0.023070
80 459
-0.999740 0.000703 -0.022808 1.119366
0.000691 1.000000 0.000545 -0.000890
0.022809 0.000529 -0.999740 0.783455
16 66
0.993912 0.000278 0.110173 0.042433
-0.000171 1.000000 -0.000982 -0.000269
-0.110173 0.000957 0.993912 -0.026593
84 511
-0.994073 0.000850 -0.108707 1.042280
0.000889 1.000000 -0.000310 0.000917
0.108707 -0.000405 -0.994074 0.125158
87 551
-0.578170 0.000830 -0.815916 0.998709
0.000853 1.000000 0.000413 0.000719
0.815916 -0.000457 -0.578170 -0.074643
23 90
0.999631 0.000166 -0.027180 0.368742
-0.000152 1.000000 0.000529 0.002434
0.027180 -0.000525 0.999630 -0.003824
91 607
0.112187 0.000281 -0.993687 0.563940
-0.000135 1.000000 0.000268 0.000655
0.993687 0.000104 0.112187 -0.180170
27 107
0.996703 0.000277 -0.081134 0.456313
-0.000260 1.000000 0.000226 -0.000902
0.081134 -0.000205 0.996703 0.098817
92 624
0.120548 0.000772 -0.992707 0.370710
-0.000004 1.000000 0.000777 -0.000098
0.992707 -0.000089 0.120548 -0.182828
28 112
0.995738 0.000100 -0.092222 0.467194
-0.000082 1.000000 0.000201 -0.000489
0.092222 -0.000192 0.995738 0.135462
93 639
0.092606 0.000197 -0.995703 0.216658
0.000482 1.000000 0.000243 0.000797
0.995703 -0.000502 0.092606 -0.176812
29 116
0.995059 0.000445 -0.099282 0.472769
-0.000417 1.000000 0.000308 -0.000133
0.099282 -0.000265 0.995059 0.166332
36 144
0.992061 0.000107 -0.125754 0.439508
-0.000147 1.000000 -0.000309 0.000182
0.125754 0.000325 0.992061 0.440356
39 156
0.992185 0.000246 -0.124773 0.375426
-0.000316 1.000000 -0.000541 0.000781
0.124773 0.000576 0.992185 0.608720
41 164
0.991243 0.000506 -0.132051 0.294970
-0.000569 1.000000 -0.000438 0.000584
0.132051 0.000509 0.991243 0.756632
42 169
0.990906 0.000487 -0.134553 0.235969
-0.000520 1.000000 -0.000205 -0.000046
0.134553 0.000273 0.990906 0.856532
43 173
0.990583 0.000512 -0.136910 0.187908
-0.000620 1.000000 -0.000749 0.001647
0.136910 0.000827 0.990583 0.937924
45 184
0.993807 0.000190 -0.111117 0.067958
-0.000292 1.000000 -0.000902 0.000470
0.111117 0.000929 0.993807 1.149684
46 190
0.997330 0.000509 -0.073026 0.021912
-0.000537 1.000000 -0.000353 0.000201
0.073026 0.000392 0.997330 1.247718
47 195
0.999639 0.000419 -0.026879 0.001024
-0.000430 1.000000 -0.000427 -0.000101
0.026878 0.000438 0.999639 1.314139
48 201
0.998526 0.000557 0.054271 -0.002780
-0.000521 1.000000 -0.000668 0.000087
-0.054271 0.000639 0.998526 1.374145
51 223
0.893568 0.000809 0.448928 0.025252
-0.000264 0.999999 -0.001276 0.001360
-0.448929 0.001022 0.893567 1.547988
52 231
0.800654 0.000621 0.599127 0.049413
0.000141 0.999999 -0.001226 0.001330
-0.599127 0.001066 0.800653 1.597354
54 247
0.538800 0.000856 0.842433 0.119894
0.000433 0.999999 -0.001293 0.001116
-0.842433 0.001062 0.538800 1.679380
55 254
0.408057 0.001089 0.912956 0.160080
0.000529 0.999999 -0.001429 -0.000614
-0.912956 0.001066 0.408056 1.709066
57 266
0.193436 0.001292 0.981112 0.242361
0.001081 0.999998 -0.001530 0.000880
-0.981112 0.001357 0.193434 1.753638
58 272
0.101390 0.001257 0.994846 0.289506
0.000881 0.999999 -0.001353 0.000086
-0.994846 0.001014 0.101389 1.773394
60 285
-0.036548 0.001045 0.999331 0.400481
0.000798 0.999999 -0.001016 0.000777
-0.999332 0.000761 -0.036549 1.812035
63 318
0.017259 0.001201 0.999850 0.552857
0.000826 0.999999 -0.001215 -0.000609
-0.999851 0.000846 0.017258 1.856585
66 342
0.070590 0.001255 0.997505 0.670928
0.000980 0.999999 -0.001328 -0.001006
-0.997505 0.001071 0.070589 1.828890
67 349
0.033798 0.001415 0.999428 0.730891
0.000790 0.999999 -0.001443 0.000513
-0.999428 0.000839 0.033797 1.809477
70 373
-0.399166 0.001791 0.916877 0.926089
0.001588 0.999998 -0.001262 0.000309
-0.916877 0.000952 -0.399168 1.706380
72 390
-0.776429 0.001497 0.630203 0.992478
0.001557 0.999999 -0.000457 -0.001325
-0.630203 0.000627 -0.776430 1.597582
73 398
-0.896095 0.001314 0.443861 1.013031
0.001548 0.999999 0.000164 -0.001300
-0.443860 0.000834 -0.896096 1.535879
74 407
-0.971887 0.001575 0.235441 1.032810
0.001712 0.999998 0.000380 0.000387
-0.235440 0.000772 -0.971889 1.458693
75 416
-0.997642 0.001540 0.068617 1.054062
0.001602 0.999998 0.000846 -0.001020
-0.068615 0.000954 -0.997643 1.372495
77 433
-0.997075 0.001636 -0.076405 1.095850
0.001546 0.999998 0.001240 -0.001099
0.076407 0.001118 -0.997076 1.176280
78 441
-0.996466 0.001148 -0.083991 1.107828
0.001095 0.999999 0.000683 -0.000899
0.083991 0.000589 -0.996466 1.063598
79 450
-0.998089 0.000967 -0.061782 1.116941
0.000916 0.999999 0.000847 0.000441
0.061783 0.000789 -0.998089 0.926669
81 469
-0.999644 0.001413 0.026641 1.115551
0.001417 0.999999 0.000129 0.000728
-0.026641 0.000167 -0.999645 0.625932
82 483
-0.997640 0.000391 0.068659 1.100232
0.000415 1.000000 0.000328 -0.000582
-0.068659 0.000356 -0.997640 0.419316
83 497
-0.999257 0.000827 0.038524 1.072557
0.000833 1.000000 0.000128 -0.000173
-0.038524 0.000160 -0.999258 0.248155
85 520
-0.966014 0.000785 -0.258490 1.032512
0.000846 1.000000 -0.000127 -0.000186
0.258490 -0.000341 -0.966014 0.064081
86 537
-0.809074 0.000958 -0.587706 1.019788
0.000967 0.999999 0.000300 -0.000471
0.587706 -0.000326 -0.809074 -0.023843
88 574
-0.152308 0.000219 -0.988333 0.899474
0.000256 1.000000 0.000182 -0.000459
0.988333 -0.000225 -0.152308 -0.131076
89 587
0.005397 0.000451 -0.999985 0.786104
0.000374 1.000000 0.000453 -0.000620
0.999985 -0.000377 0.005397 -0.157076
90 598
0.078763 0.000170 -0.996893 0.665752
0.000274 1.000000 0.000192 -0.000502
0.996893 -0.000288 0.078763 -0.173469
94 653
0.051765 0.000154 -0.998659 0.100131
0.000509 1.000000 0.000181 0.000791
0.998659 -0.000517 0.051765 -0.168494
95 668
0.015425 -0.000021 -0.999881 0.017761
0.000160 1.000000 -0.000019 0.000224
0.999881 -0.000160 0.015425 -0.160370

0
0.000000 0.000000 0.000000 -nan
0.000000 0.000000 0.000000 -nan
-nan 0.000000 0.000000 -nan
1
0.000000 0.000000 0.000000 -nan
0.000000 0.000000 0.000000 -nan
-nan 0.000000 0.000000 -nan
2
0.000000 0.000000 0.000000 -nan
0.000000 0.000000 0.000000 -nan
-nan 0.000000 0.000000 -nan
3
0.000000 0.000000 0.000000 -nan
0.000000 0.000000 0.000000 -nan
-nan 0.000000 0.000000 -nan
4
0.000000 0.000000 0.000000 -nan
0.000000 0.000000 0.000000 -nan
-nan 0.000000 0.000000 -nan
5
0.000000 0.000000 0.000000 -nan
0.000000 0.000000 0.000000 -nan
-nan 0.000000 0.000000 -nan
6
0.000000 0.000000 0.000000 -nan
0.000000 0.000000 0.000000 -nan
-nan 0.000000 0.000000 -nan
7
0.000000 0.000000 0.000000 -nan
0.000000 0.000000 0.000000 -nan
-nan 0.000000 0.000000 -nan
8
0.999952 -0.009731 0.000984 0.003064
0.009728 0.999949 0.002892 -0.022943
-0.001013 -0.002883 0.999995 -0.007217
9
0.999945 -0.009477 0.004530 0.003726
0.009462 0.999950 0.003267 -0.023391
-0.004561 -0.003224 0.999984 -0.006604
10
0.999901 -0.013308 0.004554 0.009092
0.013298 0.999909 0.002287 -0.026756
-0.004584 -0.002227 0.999987 -0.007734
11
0.999850 -0.015782 0.007170 0.013873
0.015762 0.999872 0.002803 -0.032717
-0.007214 -0.002689 0.999970 -0.007690
12
0.999809 -0.017701 0.008286 0.015571
0.017662 0.999833 0.004745 -0.037598
-0.008369 -0.004597 0.999954 -0.009798
13
0.999756 -0.019436 0.010536 0.020367
0.019393 0.999803 0.004195 -0.039426
-0.010615 -0.003989 0.999936 -0.008767
14
0.999705 -0.019983 0.013833 0.024146
0.019928 0.999793 0.004109 -0.043375
-0.013912 -0.003832 0.999896 -0.010271
15
0.999651 -0.021275 0.015653 0.028257
0.021211 0.999766 0.004243 -0.045442
-0.015739 -0.003910 0.999868 -0.011278
16
0.999625 -0.021611 0.016809 0.032071
0.021526 0.999754 0.005262 -0.049303
-0.016918 -0.004898 0.999845 -0.012111
17
0.999622 -0.012899 0.024276 0.040637
0.012847 0.999915 0.002294 -0.048483
-0.024304 -0.001981 0.999703 -0.009028
18
0.999596 -0.013019 0.025257 0.044210
0.012957 0.999913 0.002621 -0.050710
-0.025289 -0.002293 0.999678 -0.009732
19
0.999523 -0.013508 0.027785 0.047869
0.013431 0.999905 0.002973 -0.055796
-0.027823 -0.002599 0.999609 -0.010803
20
0.999426 -0.014153 0.030794 0.050807
0.014074 0.999897 0.002795 -0.057865
-0.030830 -0.002360 0.999522 -0.011283
21
0.999393 -0.013834 0.031971 0.054058
0.013746 0.999901 0.002973 -0.059360
-0.032009 -0.002531 0.999484 -0.012082
22
0.999285 -0.002886 0.037689 0.059532
0.002853 0.999995 0.000935 -0.053471
-0.037691 -0.000826 0.999289 -0.011605
23
0.999193 -0.002902 0.040069 0.061677
0.002853 0.999995 0.001280 -0.054570
-0.040072 -0.001165 0.999196 -0.012252
24
0.999121 -0.003043 0.041807 0.063585
0.002992 0.999995 0.001295 -0.057639
-0.041811 -0.001169 0.999125 -0.012849
25
0.998980 -0.002886 0.045055 0.065417
0.002840 0.999995 0.001091 -0.059330
-0.045058 -0.000961 0.998984 -0.013516
26
0.998877 -0.000554 0.047379 0.065459
0.000533 1.000000 0.000456 -0.057067
-0.047379 -0.000430 0.998877 -0.012688
27
0.998759 -0.000659 0.049805 0.066187
0.000654 1.000000 0.000125 -0.059458
-0.049805 -0.000093 0.998759 -0.013276
28
0.998644 -0.000775 0.052050 0.066519
0.000758 1.000000 0.000347 -0.060061
-0.052050 -0.000307 0.998644 -0.013846
29
0.998615 -0.000641 0.052611 0.066338
0.000616 1.000000 0.000500 -0.060303
-0.052611 -0.000467 0.998615 -0.014292
30
0.998405 -0.000589 0.056456 0.064929
0.000549 1.000000 0.000725 -0.061989
-0.056456 -0.000693 0.998405 -0.014980
31
0.998254 -0.000559 0.059058 0.063138
0.000528 1.000000 0.000535 -0.061883
-0.059058 -0.000503 0.998254 -0.014979
32
0.998136 -0.000611 0.061020 0.060910
0.000556 0.999999 0.000919 -0.062669
-0.061020 -0.000883 0.998136 -0.015432
33
0.997870 -0.000097 0.065241 0.057688
0.000059 1.000000 0.000574 -0.063293
-0.065241 -0.000569 0.997869 -0.016387
34
0.997734 -0.000412 0.067277 0.054744
0.000380 1.000000 0.000494 -0.062666
-0.067277 -0.000467 0.997734 -0.016578
35
0.997535 -0.000317 0.070172 0.051085
0.000246 0.999999 0.001025 -0.063749
-0.070172 -0.001005 0.997534 -0.017004
36
0.997313 -0.000242 0.073259 0.046910
0.000208 1.000000 0.000467 -0.062763
-0.073259 -0.000450 0.997313 -0.017243
37
0.997170 -0.000619 0.075179 0.043159
0.000602 1.000000 0.000248 -0.061677
-0.075179 -0.000202 0.997170 -0.017345
38
0.996888 -0.000320 0.078835 0.038936
0.000300 1.000000 0.000265 -0.062210
-0.078835 -0.000241 0.996888 -0.018111
39
0.996613 -0.000241 0.082233 0.034495
0.000280 1.000000 -0.000460 -0.060304
-0.082232 0.000482 0.996613 -0.018144
40
0.996481 -0.000239 0.083821 0.030565
0.000258 1.000000 -0.000222 -0.060170
-0.083821 0.000243 0.996481 -0.018285
41
0.996133 -0.000311 0.087863 0.026105
0.000351 1.000000 -0.000444 -0.059449
-0.087863 0.000474 0.996132 -0.018762
42
0.995982 0.000023 0.089555 0.022232
0.000031 1.000000 -0.000602 -0.057498
-0.089555 0.000603 0.995982 -0.019028
43
0.995798 0.000152 0.091576 0.019087
-0.000094 1.000000 -0.000638 -0.057551
-0.091576 0.000627 0.995798 -0.019342
44
0.995532 0.000024 0.094420 0.015553
0.000068 1.000000 -0.000970 -0.056035
-0.094420 0.000972 0.995532 -0.019680
45
0.995410 -0.000270 0.095698 0.012612
0.000361 1.000000 -0.000932 -0.054372
-0.095698 0.000962 0.995410 -0.019761
46
0.995172 -0.000300 0.098142 0.009997
0.000404 0.999999 -0.001042 -0.053836
-0.098141 0.001077 0.995172 -0.020370
47
0.994962 -0.000090 0.100251 0.007790
0.000188 1.000000 -0.000961 -0.051673
-0.100251 0.000975 0.994962 -0.020793
48
0.994871 -0.000249 0.101147 0.006833
0.000341 1.000000 -0.000895 -0.051137
-0.101147 0.000925 0.994871 -0.020848
49
0.994645 -0.000436 0.103349 0.005782
0.000535 0.999999 -0.000926 -0.049792
-0.103348 0.000976 0.994645 -0.021532
50
0.994564 -0.000140 0.104127 0.005188
0.000198 1.000000 -0.000549 -0.048201
-0.104127 0.000566 0.994564 -0.022016
51
0.994501 -0.000108 0.104726 0.005155
0.000171 1.000000 -0.000592 -0.047414
-0.104726 0.000606 0.994501 -0.022433
52
0.994268 -0.000302 0.106915 0.004689
0.000355 1.000000 -0.000481 -0.044358
-0.106915 0.000517 0.994268 -0.023087
53
0.994212 0.000072 0.107440 0.004773
-0.000024 1.000000 -0.000448 -0.040933
-0.107440 0.000443 0.994211 -0.023491
54
0.994024 0.000159 0.109161 0.005119
-0.000111 1.000000 -0.000449 -0.039486
-0.109161 0.000434 0.994024 -0.024182
55
0.993808 0.000108 0.111114 0.005951
-0.000067 1.000000 -0.000375 -0.034540
-0.111114 0.000365 0.993808 -0.024714
56
0.993749 0.000749 0.111635 0.006552
-0.000683 1.000000 -0.000637 -0.032737
-0.111635 0.000556 0.993749 -0.024969
57
0.993511 0.000106 0.113736 0.007539
-0.000061 1.000000 -0.000405 -0.029455
-0.113736 0.000395 0.993511 -0.025929
58
0.993460 0.000066 0.114183 0.009153
-0.000035 1.000000 -0.000273 -0.025316
-0.114183 0.000268 0.993460 -0.026147
59
0.993434 0.000285 0.114410 0.011034
-0.000242 1.000000 -0.000391 -0.023640
-0.114410 0.000360 0.993434 -0.026417
60
0.993303 0.000061 0.115541 0.013652
-0.000014 1.000000 -0.000405 -0.018809
-0.115541 0.000401 0.993303 -0.026922
61
0.993395 0.000185 0.114741 0.016916
-0.000098 1.000000 -0.000761 -0.015009
-0.114741 0.000745 0.993395 -0.027302
62
0.993339 0.000468 0.115224 0.020168
-0.000408 1.000000 -0.000547 -0.012972
-0.115224 0.000496 0.993339 -0.027375
63
0.993382 0.000337 0.114861 0.025411
-0.000277 1.000000 -0.000540 -0.008604
-0.114861 0.000504 0.993381 -0.027760
64
0.993571 0.000707 0.113207 0.030217
-0.000594 0.999999 -0.001036 -0.006371
-0.113208 0.000962 0.993571 -0.027709
65
0.993589 0.000323 0.113050 0.036032
-0.000201 0.999999 -0.001087 -0.004054
-0.113050 0.001058 0.993589 -0.027321
66
0.993925 0.000014 0.110058 0.042492
0.000072 1.000000 -0.000777 -0.000818
-0.110058 0.000781 0.993925 -0.026982
67
0.994175 0.000275 0.107779 0.049503
-0.000188 1.000000 -0.000822 -0.000299
-0.107779 0.000797 0.994175 -0.026663
68
0.994450 0.000120 0.105209 0.058067
-0.000043 1.000000 -0.000739 0.001925
-0.105210 0.000730 0.994450 -0.025662
69
0.994943 0.000092 0.100441 0.067297
-0.000007 1.000000 -0.000844 0.003677
-0.100441 0.000839 0.994943 -0.024419
70
0.995208 0.000447 0.097780 0.077645
-0.000401 1.000000 -0.000495 0.003284
-0.097780 0.000453 0.995208 -0.023770
71
0.995665 -0.000023 0.093007 0.089234
0.000078 1.000000 -0.000586 0.005409
-0.093007 0.000591 0.995665 -0.023319
72
0.996172 0.000234 0.087412 0.102039
-0.000195 1.000000 -0.000447 0.005317
-0.087412 0.000429 0.996172 -0.022559
73
0.996462 0.000020 0.084048 0.114295
0.000013 1.000000 -0.000386 0.005532
-0.084048 0.000385 0.996462 -0.022257
74
0.996982 0.000282 0.077637 0.128773
-0.000253 1.000000 -0.000386 0.006609
-0.077637 0.000365 0.996982 -0.021798
75
0.997400 0.000901 0.072057 0.143165
-0.000897 1.000000 -0.000078 0.005445
-0.072057 0.000013 0.997401 -0.021500
76
0.997797 0.000927 0.066335 0.157625
-0.000909 1.000000 -0.000300 0.006425
-0.066335 0.000239 0.997797 -0.021179
77
0.998270 0.000778 0.058792 0.173137
-0.000791 1.000000 0.000191 0.006877
-0.058792 -0.000237 0.998270 -0.021164
78
0.998521 0.000685 0.054359 0.187438
-0.000708 1.000000 0.000391 0.005456
-0.054359 -0.000428 0.998521 -0.021119
79
0.998843 0.000478 0.048091 0.203469
-0.000493 1.000000 0.000299 0.006599
-0.048091 -0.000323 0.998843 -0.020448
80
0.999176 0.000528 0.040582 0.219439
-0.000552 1.000000 0.000576 0.005255
-0.040582 -0.000598 0.999176 -0.020287
81
0.999370 0.000650 0.035474 0.234978
-0.000672 1.000000 0.000591 0.004920
-0.035473 -0.000614 0.999370 -0.019807
82
0.999626 0.000419 0.027343 0.251381
-0.000424 1.000000 0.000195 0.005599
-0.027342 -0.000207 0.999626 -0.018528
83
0.999786 0.000579 0.020693 0.266584
-0.000587 1.000000 0.000409 0.003881
-0.020692 -0.000421 0.999786 -0.017942
84
0.999895 0.000644 0.014444 0.282258
-0.000649 1.000000 0.000346 0.004290
-0.014444 -0.000355 0.999896 -0.017037
85
0.999979 0.000519 0.006432 0.297092
-0.000521 1.000000 0.000338 0.004502
-0.006432 -0.000342 0.999979 -0.015454
86
0.999999 0.000771 0.000964 0.312344
-0.000772 1.000000 0.000470 0.002826
-0.000964 -0.000471 0.999999 -0.013845
87
0.999986 0.000507 -0.005174 0.326462
-0.000505 1.000000 0.000365 0.003655
0.005174 -0.000363 0.999987 -0.011673
88
0.999928 0.000514 -0.012025 0.339886
-0.000507 1.000000 0.000635 0.002550
0.012025 -0.000629 0.999928 -0.009658
89
0.999853 0.000672 -0.017157 0.351983
-0.000664 1.000000 0.000468 0.001757
0.017158 -0.000457 0.999853 -0.007055
90
0.999717 0.000683 -0.023764 0.364261
-0.000671 1.000000 0.000542 0.002191
0.023764 -0.000526 0.999717 -0.003723
91
0.999578 0.000923 -0.029035 0.375296
-0.000907 0.999999 0.000571 0.000402
0.029035 -0.000545 0.999578 -0.000503
92
0.999450 0.000603 -0.033146 0.384624
-0.000585 1.000000 0.000548 0.001173
0.033146 -0.000528 0.999450 0.003430
93
0.999217 0.000700 -0.039565 0.396567
-0.000681 1.000000 0.000485 0.001355
0.039565 -0.000457 0.999217 0.008231
94
0.999119 0.000889 -0.041957 0.403692
-0.000859 0.999999 0.000725 -0.000397
0.041958 -0.000689 0.999119 0.012711
95
0.998969 0.000706 -0.045398 0.410090
-0.000676 1.000000 0.000657 0.000717
0.045399 -0.000626 0.998969 0.018350
96
0.998740 0.000865 -0.050170 0.418337
-0.000838 0.999999 0.000553 -0.000111
0.050171 -0.000511 0.998741 0.024579
97
0.998678 0.000644 -0.051391 0.422307
-0.000637 1.000000 0.000143 -0.000565
0.051391 -0.000111 0.998679 0.030976
98
0.998455 0.000399 -0.055572 0.427205
-0.000377 1.000000 0.000393 0.000270
0.055572 -0.000371 0.998455 0.037624
99
0.998309 0.000748 -0.058118 0.431155
-0.000744 1.000000 0.000076 -0.001105
0.058118 -0.000033 0.998310 0.044076
100
0.998178 0.000586 -0.060338 0.435078
-0.000571 1.000000 0.000264 -0.000413
0.060338 -0.000229 0.998178 0.050602
101
0.997923 0.000929 -0.064407 0.435327
-0.000901 0.999999 0.000476 0.000191
0.064407 -0.000417 0.997924 0.057062
102
0.997806 0.000771 -0.066208 0.438848
-0.000759 1.000000 0.000207 -0.000910
0.066208 -0.000156 0.997806 0.063672
103
0.997648 0.000781 -0.068542 0.442331
-0.000746 1.000000 0.000540 0.000229
0.068543 -0.000488 0.997648 0.070481
104
0.997390 0.000757 -0.072201 0.445286
-0.000739 1.000000 0.000281 -0.000715
0.072202 -0.000227 0.997390 0.077369
105
0.997322 0.000894 -0.073132 0.448351
-0.000866 1.000000 0.000408 -0.000829
0.073132 -0.000344 0.997322 0.084031
106
0.997044 0.000767 -0.076826 0.451235
-0.000764 1.000000 0.000073 0.000157
0.076826 -0.000014 0.997045 0.091214
107
0.996864 0.000859 -0.079131 0.453933
-0.000868 1.000000 -0.000072 -0.001015
0.079131 0.000141 0.996864 0.098252
108
0.996722 0.000876 -0.080904 0.456338
-0.000883 1.000000 -0.000047 -0.000551
0.080904 0.000119 0.996722 0.105185
109
0.996420 0.000879 -0.084534 0.458364
-0.000857 1.000000 0.000299 0.000197
0.084534 -0.000226 0.996421 0.112466
110
0.996305 0.000930 -0.085883 0.460599
-0.000930 1.000000 0.000032 -0.000793
0.085883 0.000048 0.996305 0.119796
111
0.996165 0.000855 -0.087495 0.462665
-0.000833 1.000000 0.000294 0.000188
0.087495 -0.000220 0.996165 0.127370
112
0.995898 0.000663 -0.090479 0.464519
-0.000657 1.000000 0.000102 -0.000626
0.090479 -0.000042 0.995898 0.135101
113
0.995825 0.000800 -0.091283 0.466550
-0.000806 1.000000 -0.000028 -0.000616
0.091283 0.000102 0.995825 0.142225
114
0.995579 0.000871 -0.093926 0.467644
-0.000852 1.000000 0.000246 -0.000016
0.093926 -0.000164 0.995579 0.149963
115
0.995380 0.000734 -0.096016 0.468836
-0.000762 1.000000 -0.000259 -0.000987
0.096016 0.000331 0.995380 0.157817
116
0.995168 0.000751 -0.098187 0.475857
-0.000746 1.000000 0.000089 -0.000056
0.098187 -0.000015 0.995168 0.167826
117
0.994845 0.000447 -0.101407 0.476681
-0.000429 1.000000 0.000192 0.000212
0.101407 -0.000148 0.994845 0.176027
118
0.994794 0.000747 -0.101901 0.477359
-0.000785 1.000000 -0.000334 -0.000850
0.101901 0.000413 0.994794 0.183997
119
0.994631 0.000717 -0.103485 0.478278
-0.000703 1.000000 0.000178 0.000167
0.103485 -0.000105 0.994631 0.191929
120
0.994334 0.000468 -0.106299 0.481101
-0.000466 1.000000 0.000044 -0.000645
0.106299 0.000006 0.994334 0.201143
121
0.994331 0.000448 -0.106330 0.481537
-0.000439 1.000000 0.000115 -0.000702
0.106330 -0.000068 0.994331 0.209539
122
0.994061 0.000855 -0.108823 0.481880
-0.000848 1.000000 0.000112 0.000253
0.108823 -0.000019 0.994061 0.218332
123
0.993870 0.000589 -0.110550 0.482118
-0.000606 1.000000 -0.000118 -0.000895
0.110550 0.000184 0.993871 0.227130
124
0.993719 0.000862 -0.111897 0.482257
-0.000886 1.000000 -0.000162 -0.000054
0.111897 0.000260 0.993720 0.235662
125
0.993459 0.000799 -0.114189 0.482081
-0.000794 1.000000 0.000091 0.000516
0.114189 0.000000 0.993459 0.245162
126
0.993435 0.000424 -0.114399 0.481495
-0.000468 1.000000 -0.000356 -0.000659
0.114398 0.000407 0.993435 0.254069
127
0.993349 0.000414 -0.115144 0.480805
-0.000436 1.000000 -0.000166 0.000490
0.115144 0.000215 0.993349 0.263484
128
0.993052 0.000516 -0.117673 0.479819
-0.000579 1.000000 -0.000493 -0.000517
0.117672 0.000558 0.993052 0.273156
129
0.993162 0.000178 -0.116746 0.478682
-0.000256 1.000000 -0.000655 -0.000602
0.116746 0.000680 0.993162 0.282183
130
0.992918 0.000328 -0.118803 0.477673
-0.000373 1.000000 -0.000357 0.000365
0.118803 0.000398 0.992918 0.292021
131
0.992796 0.000313 -0.119817 0.476415
-0.000373 1.000000 -0.000474 -0.000891
0.119817 0.000515 0.992796 0.302006
132
0.992746 0.000141 -0.120233 0.474566
-0.000183 1.000000 -0.000344 -0.000088
0.120233 0.000364 0.992746 0.311291
133
0.992487 0.000406 -0.122349 0.472968
-0.000427 1.000000 -0.000143 0.000539
0.122349 0.000194 0.992487 0.321630
134
0.992591 0.000470 -0.121499 0.470717
-0.000495 1.000000 -0.000172 -0.000812
0.121498 0.000231 0.992592 0.331927
135
0.992562 0.000334 -0.121744 0.469027
-0.000360 1.000000 -0.000192 0.000758
0.121743 0.000235 0.992562 0.342108
136
0.992338 0.000379 -0.123549 0.467088
-0.000456 1.000000 -0.000593 -0.000347
0.123549 0.000645 0.992338 0.353192
137
0.992480 0.000204 -0.122409 0.464636
-0.000248 1.000000 -0.000346 -0.000599
0.122409 0.000374 0.992480 0.363898
138
0.992246 0.000026 -0.124293 0.462461
-0.000092 1.000000 -0.000524 0.000549
0.124293 0.000532 0.992245 0.374676
139
0.992237 0.000217 -0.124358 0.460036
-0.000291 1.000000 -0.000573 -0.000743
0.124358 0.000605 0.992237 0.385864
140
0.992269 0.000037 -0.124105 0.453927
-0.000085 1.000000 -0.000379 0.000130
0.124105 0.000386 0.992269 0.394367
141
0.992068 0.000124 -0.125706 0.451408
-0.000172 1.000000 -0.000378 0.001047
0.125706 0.000396 0.992067 0.405809
142
0.992253 0.000268 -0.124237 0.447937
-0.000319 1.000000 -0.000390 -0.000253
0.124237 0.000426 0.992252 0.417774
143
0.992332 -0.000017 -0.123603 0.445053
0.000009 1.000000 -0.000064 0.000994
0.123603 0.000062 0.992332 0.429332
144
0.992163 -0.000090 -0.124950 0.439324
0.000014 1.000000 -0.000609 0.000055
0.124950 0.000603 0.992163 0.439893
145
0.992391 -0.000034 -0.123127 0.436252
0.000029 1.000000 -0.000040 -0.000146
0.123127 0.000036 0.992391 0.452019
146
0.992275 0.000043 -0.124055 0.432589
-0.000124 1.000000 -0.000640 0.000737
0.124055 0.000650 0.992275 0.464098
147
0.992278 -0.000078 -0.124033 0.429075
0.000038 1.000000 -0.000331 -0.000654
0.124033 0.000324 0.992278 0.476406
148
0.992394 -0.000019 -0.123103 0.424671
-0.000034 1.000000 -0.000427 0.000162
0.123103 0.000428 0.992394 0.488786
149
0.992245 0.000147 -0.124296 0.420670
-0.000208 1.000000 -0.000474 0.000880
0.124296 0.000497 0.992245 0.501296
150
0.992484 0.000103 -0.122374 0.416237
-0.000142 1.000000 -0.000305 -0.000512
0.122374 0.000320 0.992484 0.514867
151
0.992550 0.000121 -0.121838 0.410556
-0.000155 1.000000 -0.000271 0.001089
0.121838 0.000288 0.992550 0.528486
152
0.992338 0.000045 -0.123556 0.404861
-0.000134 1.000000 -0.000715 -0.000319
0.123556 0.000726 0.992337 0.543337
153
0.992559 -0.000110 -0.121761 0.398247
0.000038 1.000000 -0.000597 -0.000383
0.121761 0.000588 0.992559 0.558598
154
0.992337 -0.000203 -0.123564 0.391548
0.000133 1.000000 -0.000575 0.000702
0.123564 0.000554 0.992336 0.573724
155
0.992285 -0.000167 -0.123974 0.383907
0.000054 1.000000 -0.000917 -0.000927
0.123974 0.000904 0.992285 0.590194
156
0.992232 0.000005 -0.124403 0.375245
-0.000081 1.000000 -0.000606 0.000456
0.124403 0.000612 0.992232 0.607330
157
0.991993 0.000113 -0.126290 0.366479
-0.000162 1.000000 -0.000378 0.001112
0.126290 0.000396 0.991993 0.624075
158
0.992068 -0.000031 -0.125701 0.357572
-0.000068 1.000000 -0.000788 -0.000621
0.125701 0.000791 0.992068 0.641902
159
0.992000 0.000093 -0.126234 0.347765
-0.000152 1.000000 -0.000462 0.001348
0.126234 0.000478 0.992000 0.660048
160
0.991766 0.000137 -0.128064 0.338056
-0.000247 1.000000 -0.000842 0.000019
0.128063 0.000867 0.991766 0.677625
161
0.991853 0.000083 -0.127389 0.327927
-0.000169 1.000000 -0.000665 -0.000216
0.127388 0.000681 0.991853 0.696049
162
0.991554 0.000097 -0.129695 0.317537
-0.000191 1.000000 -0.000718 0.001308
0.129695 0.000736 0.991554 0.715002
163
0.991414 0.000063 -0.130763 0.307067
-0.000129 1.000000 -0.000495 -0.000520
0.130763 0.000507 0.991414 0.734202
164
0.991381 0.000204 -0.131007 0.295141
-0.000270 1.000000 -0.000479 0.000204
0.131007 0.000510 0.991381 0.753813
165
0.991087 0.000026 -0.133217 0.283764
-0.000126 1.000000 -0.000743 0.001393
0.133217 0.000753 0.991087 0.773635
166
0.991212 0.000095 -0.132283 0.272502
-0.000169 1.000000 -0.000545 -0.000285
0.132283 0.000562 0.991212 0.793131
167
0.991133 -0.000018 -0.132877 0.260895
-0.000068 1.000000 -0.000643 0.001236
0.132877 0.000646 0.991132 0.813392
168
0.990867 0.000292 -0.134843 0.247909
-0.000379 1.000000 -0.000615 -0.000289
0.134843 0.000661 0.990867 0.831770
169
0.991072 0.000244 -0.133330 0.236207
-0.000258 1.000000 -0.000086 -0.000308
0.133330 0.000120 0.991072 0.852006
170
0.990839 0.000013 -0.135046 0.223980
-0.000085 1.000000 -0.000526 0.001026
0.135046 0.000532 0.990839 0.872583
171
0.990862 0.000335 -0.134877 0.212412
-0.000390 1.000000 -0.000382 -0.000661
0.134877 0.000431 0.990862 0.892621
172
0.990948 -0.000139 -0.134245 0.200433
0.000057 1.000000 -0.000612 0.000599
0.134245 0.000599 0.990948 0.912640
173
0.990752 0.000243 -0.135684 0.188234
-0.000334 1.000000 -0.000646 0.001460
0.135684 0.000686 0.990752 0.932395
174
0.991045 0.000072 -0.133532 0.176156
-0.000136 1.000000 -0.000468 -0.000110
0.133532 0.000482 0.991044 0.952316
175
0.991218 0.000126 -0.132238 0.165093
-0.000212 1.000000 -0.000631 0.001806
0.132238 0.000654 0.991218 0.972294
176
0.991253 0.000251 -0.131973 0.153465
-0.000245 1.000000 0.000065 0.000366
0.131973 -0.000032 0.991253 0.991743
177
0.991685 0.000238 -0.128686 0.141973
-0.000231 1.000000 0.000073 0.000565
0.128686 -0.000043 0.991685 1.011453
178
0.991735 -0.000334 -0.128305 0.130670
0.000266 1.000000 -0.000544 0.001425
0.128305 0.000506 0.991735 1.031380
179
0.991989 0.000196 -0.126326 0.119402
-0.000253 1.000000 -0.000438 -0.000477
0.126326 0.000467 0.991989 1.050276
180
0.992393 0.000422 -0.123112 0.108885
-0.000485 1.000000 -0.000485 0.000912
0.123112 0.000541 0.992393 1.069637
181
0.992586 0.000164 -0.121547 0.098407
-0.000257 1.000000 -0.000750 0.001637
0.121547 0.000775 0.992585 1.088553
182
0.993201 0.000133 -0.116413 0.088101
-0.000168 1.000000 -0.000287 0.000015
0.116413 0.000305 0.993201 1.106553
183
0.993665 -0.000187 -0.112383 0.078541
0.000103 1.000000 -0.000752 0.001689
0.112384 0.000736 0.993665 1.125031
184
0.993910 0.000114 -0.110198 0.069315
-0.000209 1.000000 -0.000849 0.000380
0.110198 0.000867 0.993909 1.141794
185
0.994669 0.000068 -0.103123 0.060317
-0.000152 1.000000 -0.000806 0.000140
0.103123 0.000818 0.994668 1.159276
186
0.995047 0.000109 -0.099402 0.051717
-0.000179 1.000000 -0.000696 0.001510
0.099401 0.000711 0.995047 1.176268
187
0.995576 0.000233 -0.093962 0.044315
-0.000253 1.000000 -0.000201 -0.000291
0.093962 0.000224 0.995576 1.192504
188
0.996249 -0.000148 -0.086532 0.037117
0.000083 1.000000 -0.000746 0.000836
0.086532 0.000736 0.996249 1.208321
189
0.996647 -0.000345 -0.081818 0.029417
0.000298 1.000000 -0.000584 0.001495
0.081819 0.000557 0.996647 1.224138
190
0.997367 0.000228 -0.072515 0.023308
-0.000243 1.000000 -0.000202 0.000108
0.072515 0.000219 0.997367 1.238784
191
0.997946 0.000310 -0.064063 0.017763
-0.000343 1.000000 -0.000507 0.001449
0.064063 0.000528 0.997946 1.253361
192
0.998393 0.000212 -0.056663 0.013490
-0.000228 1.000000 -0.000264 0.000627
0.056663 0.000277 0.998393 1.266616
193
0.998952 0.000217 -0.045776 0.009446
-0.000218 1.000000 -0.000026 0.000229
0.045776 0.000036 0.998952 1.279374
194
0.999314 0.000250 -0.037033 0.005531
-0.000252 1.000000 -0.000047 0.001534
0.037033 0.000057 0.999314 1.291979
195
0.999632 0.000043 -0.027119 0.002418
-0.000054 1.000000 -0.000402 -0.000159
0.027119 0.000404 0.999632 1.303664
196
0.999893 0.000137 -0.014647 0.000286
-0.000147 1.000000 -0.000728 0.000486
0.014647 0.000730 0.999892 1.314885
197
0.999992 0.000071 -0.004055 -0.000776
-0.000073 1.000000 -0.000627 0.001226
0.004055 0.000627 0.999992 1.324969
198
0.999944 0.000409 0.010621 -0.001756
-0.000403 1.000000 -0.000508 -0.000075
-0.010621 0.000503 0.999943 1.335383
199
0.999706 0.000267 0.024256 -0.001644
-0.000259 1.000000 -0.000326 0.001524
-0.024256 0.000320 0.999706 1.344505
200
0.999305 0.000569 0.037275 -0.002898
-0.000541 1.000000 -0.000787 0.000437
-0.037275 0.000766 0.999305 1.355397
201
0.998531 0.000240 0.054180 -0.002641
-0.000215 1.000000 -0.000453 0.000224
-0.054180 0.000441 0.998531 1.364412
202
0.997725 0.000036 0.067422 -0.002390
0.000001 1.000000 -0.000552 0.001215
-0.067422 0.000551 0.997724 1.373447
203
0.996554 0.000587 0.082948 -0.002154
-0.000529 1.000000 -0.000725 -0.000226
-0.082948 0.000679 0.996554 1.382930
204
0.995034 0.000453 0.099536 -0.002034
-0.000391 1.000000 -0.000640 0.000487
-0.099536 0.000598 0.995034 1.391666
205
0.993533 -0.000030 0.113547 -0.001485
0.000107 1.000000 -0.000670 0.001292
-0.113547 0.000678 0.993532 1.400133
206
0.991256 0.000282 0.131953 -0.000802
-0.000266 1.000000 -0.000132 -0.000193
-0.131953 0.000096 0.991256 1.406502
207
0.988826 0.000285 0.149073 -0.000310
-0.000183 1.000000 -0.000701 0.001404
-0.149073 0.000666 0.988826 1.414890
208
0.986210 0.000282 0.165498 0.000421
-0.000203 1.000000 -0.000490 0.000530
-0.165498 0.000450 0.986210 1.423184
209
0.982769 0.000443 0.184840 0.001481
-0.000406 1.000000 -0.000238 0.000268
-0.184840 0.000158 0.982769 1.431508
210
0.979587 0.000085 0.201020 0.002096
0.000005 1.000000 -0.000451 0.001326
-0.201020 0.000442 0.979587 1.439271
211
0.975675 0.000496 0.219220 0.002984
-0.000431 1.000000 -0.000347 -0.000337
-0.219220 0.000244 0.975675 1.447176
212
0.971197 0.000328 0.238276 0.004313
-0.000219 1.000000 -0.000485 0.000674
-0.238276 0.000419 0.971197 1.455325
213
0.966792 0.000043 0.255564 0.005680
0.000122 1.000000 -0.000630 0.001213
-0.255564 0.000640 0.966792 1.462479
214
0.961253 0.000402 0.275667 0.007151
-0.000167 1.000000 -0.000873 -0.000168
-0.275668 0.000793 0.961253 1.470413
215
0.955666 -0.000134 0.294453 0.008808
0.000317 1.000000 -0.000575 0.001390
-0.294452 0.000643 0.955666 1.477814
216
0.949949 0.000666 0.312405 0.010789
-0.000557 1.000000 -0.000435 0.000083
-0.312406 0.000239 0.949949 1.485285
217
0.942755 0.000368 0.333485 0.012291
-0.000251 1.000000 -0.000394 -0.000282
-0.333485 0.000288 0.942755 1.492480
218
0.936262 0.000118 0.351302 0.014461
0.000003 1.000000 -0.000343 0.000915
-0.351302 0.000322 0.936262 1.499899
219
0.928814 0.000457 0.370546 0.016082
-0.000376 1.000000 -0.000290 -0.000772
-0.370546 0.000130 0.928814 1.506225
220
0.920627 0.000227 0.390443 0.018531
-0.000015 1.000000 -0.000546 0.000406
-0.390443 0.000497 0.920627 1.513039
221
0.912827 0.000075 0.408346 0.020499
0.000155 1.000000 -0.000531 0.001070
-0.408346 0.000549 0.912827 1.519973
222
0.902962 0.000289 0.429720 0.023147
0.000079 1.000000 -0.000839 -0.000121
-0.429721 0.000792 0.902962 1.527091
223
0.893411 0.000401 0.449240 0.025457
0.000075 0.999999 -0.001042 0.001341
-0.449241 0.000965 0.893410 1.534140
224
0.884109 0.000408 0.467280 0.028217
0.000004 1.000000 -0.000881 0.000215
-0.467280 0.000781 0.884109 1.540356
225
0.872731 0.000558 0.488202 0.031099
-0.000052 0.999999 -0.001048 -0.000088
-0.488202 0.000889 0.872730 1.546780
226
0.862512 0.000150 0.506036 0.033629
0.000429 0.999999 -0.001027 0.001263
-0.506036 0.001103 0.862512 1.553249
227
0.851223 0.000242 0.524804 0.036517
0.000193 1.000000 -0.000774 -0.000416
-0.524804 0.000760 0.851223 1.559270
228
0.838746 0.000656 0.544522 0.039781
-0.000038 0.999999 -0.001146 0.000690
-0.544523 0.000941 0.838746 1.566015
229
0.827204 0.000262 0.561902 0.043073
0.000354 0.999999 -0.000989 0.001198
-0.561902 0.001017 0.827203 1.572270
230
0.813498 0.000607 0.581568 0.046383
-0.000240 1.000000 -0.000708 -0.000438
-0.581568 0.000436 0.813497 1.577811
231
0.800242 0.000357 0.599677 0.049557
0.000396 0.999999 -0.001123 0.001305
-0.599677 0.001136 0.800241 1.583555
232
0.787215 0.000518 0.616678 0.053145
0.000232 0.999999 -0.001136 0.000073
-0.616679 0.001037 0.787214 1.589199
233
0.771837 0.000528 0.635820 0.056695
0.000188 0.999999 -0.001059 0.000002
-0.635820 0.000937 0.771837 1.594752
234
0.758331 0.000608 0.651869 0.060457
0.000290 0.999999 -0.001271 0.001022
-0.651869 0.001152 0.758330 1.600256
235
0.743278 0.000831 0.668982 0.064370
-0.000019 0.999999 -0.001221 -0.000573
-0.668983 0.000895 0.743277 1.605889
236
0.727522 0.000742 0.686084 0.067966
0.000377 0.999999 -0.001482 0.000078
-0.686084 0.001337 0.727521 1.610813
237
0.712850 0.000196 0.701316 0.071955
0.000851 0.999999 -0.001145 0.001175
-0.701316 0.001413 0.712849 1.616013
238
0.695654 0.000713 0.718377 0.076453
0.000108 0.999999 -0.001097 -0.000463
-0.718377 0.000841 0.695653 1.621122
239
0.679302 0.000586 0.733858 0.080861
0.000829 0.999998 -0.001566 0.001070
-0.733858 0.001672 0.679301 1.626347
240
0.663212 0.000672 0.748431 0.084855
0.000561 0.999999 -0.001395 0.000040
-0.748431 0.001345 0.663211 1.631026
241
0.644747 0.000981 0.764395 0.089441
0.000436 0.999999 -0.001652 -0.000267
-0.764396 0.001398 0.644746 1.636420
242
0.628416 0.000667 0.777877 0.094356
0.000772 0.999999 -0.001481 0.001078
-0.777877 0.001531 0.628415 1.641082
243
0.610979 0.000848 0.791646 0.098747
0.000203 0.999999 -0.001228 -0.000672
-0.791647 0.000910 0.610978 1.645426
244
0.592507 0.000841 0.805565 0.103991
0.000478 0.999999 -0.001396 0.000400
-0.805565 0.001212 0.592506 1.650736
245
0.575843 0.000477 0.817560 0.108981
0.000650 0.999999 -0.001041 0.001072
-0.817560 0.001131 0.575842 1.655393
246
0.556464 0.000786 0.830872 0.114129
0.000191 0.999999 -0.001074 -0.000399
-0.830872 0.000756 0.556463 1.659971
247
0.537994 0.000648 0.842948 0.119187
0.000451 0.999999 -0.001056 0.001171
-0.842949 0.000949 0.537993 1.664196
248
0.520459 0.000637 0.853886 0.124511
0.000483 0.999999 -0.001040 0.000073
-0.853886 0.000954 0.520458 1.668707
249
0.500493 0.000713 0.865740 0.129845
0.000421 0.999999 -0.001067 -0.000064
-0.865741 0.000899 0.500492 1.672869
250
0.482599 0.000700 0.875841 0.135570
0.000849 0.999999 -0.001267 0.000953
-0.875841 0.001355 0.482598 1.677231
251
0.464153 0.000664 0.885755 0.141123
0.000535 0.999999 -0.001030 -0.000708
-0.885755 0.000952 0.464153 1.681621
252
0.444787 0.000685 0.895636 0.147079
0.000851 0.999999 -0.001188 0.000244
-0.895636 0.001290 0.444786 1.685621
253
0.427367 0.000570 0.904078 0.153213
0.000893 0.999999 -0.001052 0.001104
-0.904078 0.001257 0.427366 1.689825
254
0.407136 0.000530 0.913367 0.159325
0.000907 0.999999 -0.000985 -0.000554
-0.913367 0.001229 0.407135 1.693644
255
0.388325 0.000428 0.921522 0.165207
0.000930 0.999999 -0.000856 0.000948
-0.921522 0.001190 0.388325 1.697653
256
0.370740 0.000819 0.928736 0.171651
0.000626 0.999999 -0.001132 -0.000127
-0.928736 0.001001 0.370739 1.701390
257
0.350337 0.000682 0.936623 0.177786
0.000670 0.999999 -0.000979 -0.000270
-0.936623 0.000970 0.350337 1.705065
258
0.333160 0.000602 0.942870 0.184128
0.001039 0.999999 -0.001006 0.000903
-0.942870 0.001315 0.333159 1.709271
259
0.315078 0.000718 0.949066 0.191006
0.000749 0.999999 -0.001006 -0.000400
-0.949065 0.001028 0.315077 1.712693
260
0.295956 0.000899 0.955201 0.197841
0.000891 0.999999 -0.001217 0.000291
-0.955201 0.001211 0.295955 1.716325
261
0.279583 0.001194 0.960121 0.204862
0.000732 0.999999 -0.001457 0.000995
-0.960121 0.001110 0.279582 1.720093
262
0.260101 0.000910 0.965581 0.211630
0.000671 0.999999 -0.001123 -0.000391
-0.965581 0.000940 0.260101 1.723719
263
0.242643 0.001039 0.970115 0.218718
0.000816 0.999999 -0.001275 0.001046
-0.970115 0.001101 0.242641 1.726941
264
0.226376 0.000957 0.974039 0.225867
0.000747 0.999999 -0.001156 -0.000121
-0.974040 0.000989 0.226375 1.730691
265
0.207615 0.001027 0.978210 0.232770
0.000919 0.999999 -0.001245 -0.000393
-0.978210 0.001157 0.207614 1.733946
266
0.192436 0.001286 0.981309 0.240607
0.001342 0.999998 -0.001574 0.000809
-0.981309 0.001620 0.192434 1.738090
267
0.176299 0.001365 0.984336 0.247880
0.000801 0.999999 -0.001530 -0.000820
-0.984336 0.001059 0.176297 1.741465
268
0.159313 0.001273 0.987227 0.255479
0.000918 0.999999 -0.001438 -0.000051
-0.987228 0.001136 0.159311 1.744394
269
0.145481 0.001093 0.989360 0.263295
0.000972 0.999999 -0.001247 0.000844
-0.989361 0.001143 0.145479 1.748038
270
0.128736 0.001232 0.991678 0.271282
0.000640 0.999999 -0.001326 -0.000615
-0.991679 0.000805 0.128735 1.751381
271
0.113757 0.000666 0.993508 0.279068
0.001040 0.999999 -0.000790 0.000810
-0.993508 0.001123 0.113756 1.754474
272
0.100509 0.001084 0.994936 0.287433
0.001116 0.999999 -0.001202 0.000082
-0.994936 0.001231 0.100508 1.758607
273
0.084794 0.001090 0.996398 0.295525
0.000619 0.999999 -0.001147 -0.000283
-0.996398 0.000714 0.084794 1.761311
274
0.072634 0.000704 0.997358 0.304033
0.001118 0.999999 -0.000788 0.000895
-0.997358 0.001173 0.072633 1.764984
275
0.059776 0.001151 0.998211 0.312385
0.001082 0.999999 -0.001218 -0.000941
-0.998211 0.001153 0.059775 1.768039
276
0.046586 0.000757 0.998914 0.320642
0.001657 0.999998 -0.000835 -0.000213
-0.998913 0.001694 0.046584 1.771451
277
0.036155 0.000909 0.999346 0.329313
0.001472 0.999998 -0.000963 0.000621
-0.999345 0.001505 0.036153 1.774099
278
0.022980 0.001547 0.999735 0.339780
0.001351 0.999998 -0.001578 -0.000626
-0.999735 0.001387 0.022978 1.783526
279
0.012470 0.001170 0.999922 0.348686
0.001559 0.999998 -0.001190 0.000549
-0.999921 0.001574 0.012468 1.786453
280
0.002543 0.001354 0.999996 0.357701
0.001141 0.999998 -0.001357 -0.000113
-0.999996 0.001144 0.002541 1.789393
281
-0.008740 0.001334 0.999961 0.366853
0.001086 0.999999 -0.001324 -0.000314
-0.999961 0.001074 -0.008742 1.792076
282
-0.015932 0.000981 0.999873 0.375377
0.001171 0.999999 -0.000962 0.000650
-0.999872 0.001156 -0.015933 1.794854
283
-0.023650 0.001053 0.999720 0.383675
0.001366 0.999999 -0.001021 -0.000809
-0.999719 0.001341 -0.023651 1.797703
284
-0.031656 0.001391 0.999498 0.394162
0.001205 0.999998 -0.001354 0.000068
-0.999498 0.001161 -0.031657 1.813414
285
-0.036927 0.001298 0.999317 0.401191
0.001069 0.999999 -0.001259 0.000921
-0.999317 0.001021 -0.036928 1.815841
286
-0.043985 0.001052 0.999032 0.409104
0.001024 0.999999 -0.001008 -0.000471
-0.999032 0.000979 -0.043986 1.818658
287
-0.049086 0.001089 0.998794 0.415545
0.001007 0.999999 -0.001041 0.000672
-0.998794 0.000954 -0.049087 1.820823
288
-0.052376 0.000690 0.998627 0.422488
0.001259 0.999999 -0.000625 -0.000207
-0.998627 0.001224 -0.052376 1.822666
289
-0.057510 0.000925 0.998344 0.429018
0.001472 0.999999 -0.000842 -0.000516
-0.998344 0.001421 -0.057512 1.825503
290
-0.059684 0.001172 0.998217 0.435171
