74
1350
5997

0 0
1.000000 0.000000 0.000000 -0.000000
0.000000 1.000000 0.000000 -0.000000
0.000000 0.000000 1.000000 -0.000000
73 614
-0.917024 0.108889 -0.383679 0.883660
0.116050 0.993233 0.004512 -0.544840
0.381574 -0.040388 -0.923455 0.248989
9 58
0.999984 0.003414 -0.004522 -0.101041
-0.003434 0.999984 -0.004421 0.007593
0.004507 0.004437 0.999980 0.000199
65 525
-0.382780 0.168527 0.908338 1.044133
0.128617 0.983367 -0.128247 -0.547714
-0.914843 0.067737 -0.398088 1.111585
1 12
0.999916 0.010697 -0.007334 -0.020295
-0.010666 0.999934 0.004169 0.000969
0.007379 -0.004090 0.999964 0.001546
74 633
-0.986976 0.091955 -0.131996 0.843517
0.100395 0.993210 -0.058770 -0.542323
0.125696 -0.071256 -0.989507 0.051338
10 63
0.999951 0.008607 -0.004800 -0.124939
-0.008597 0.999961 0.001939 0.008790
0.004816 -0.001897 0.999987 0.002282
82 733
-0.342461 0.096971 -0.934514 0.458037
0.147204 0.987913 0.048568 -0.470294
0.927929 -0.120932 -0.352596 -1.021855
18 164
0.999891 -0.000063 0.014795 -0.447421
0.000298 0.999874 -0.015850 0.030638
-0.014792 0.015853 0.999765 0.005663
84 763
0.127113 0.024338 -0.991590 0.092675
0.088221 0.995459 0.035742 -0.458452
0.987957 -0.092023 0.124388 -0.983938
20 233
0.999864 0.015559 0.005462 -0.467583
-0.015573 0.999876 0.002526 0.031402
-0.005422 -0.002610 0.999982 0.008095
85 785
0.542080 -0.006560 -0.840301 -0.118960
0.024463 0.999669 0.007978 -0.451894
0.839971 -0.024881 0.542061 -0.827597
21 236
0.999801 0.019865 0.002039 -0.464743
-0.019899 0.999645 0.017746 0.013223
-0.001686 -0.017783 0.999840 -0.003141
24 248
0.999825 -0.014541 -0.011786 -0.422710
0.014465 0.999874 -0.006541 -0.041236
0.011880 0.006370 0.999909 -0.009479
96 982
0.999052 0.021810 0.037674 -1.388447
-0.020843 0.999448 -0.025873 -0.326661
-0.038217 0.025063 0.998955 0.484303
98 1018
0.966470 -0.029585 -0.255070 -1.317517
0.029137 0.999560 -0.005536 -0.362760
0.255121 -0.002081 0.966907 0.097026
100 1052
0.512384 0.017010 -0.858588 -1.020446
0.050607 0.997468 0.049963 -0.387305
0.857264 -0.069051 0.510226 -0.139116
41 348
0.990500 0.060944 -0.123270 -0.301207
-0.059035 0.998073 0.019086 -0.422684
0.124195 -0.011627 0.992190 0.322573
43 361
0.989291 0.068577 -0.128846 -0.304700
-0.065963 0.997522 0.024455 -0.416320
0.130203 -0.015695 0.991363 0.488498
44 366
0.990463 0.069791 -0.118797 -0.314690
-0.068984 0.997558 0.010897 -0.415141
0.119267 -0.002598 0.992859 0.561357
46 379
0.996305 0.052628 -0.067869 -0.317993
-0.052904 0.998597 -0.002270 -0.414272
0.067655 0.005852 0.997692 0.731120
47 385
0.998606 0.042952 -0.030685 -0.305944
-0.043591 0.998840 -0.020480 -0.418421
0.029770 0.021789 0.999319 0.815605
49 397
0.995100 0.023408 0.096064 -0.286942
-0.017314 0.997813 -0.063793 -0.423350
-0.097347 0.061817 0.993329 0.951773
50 404
0.972929 0.007568 0.230979 -0.273272
0.017571 0.994148 -0.106585 -0.426979
-0.230434 0.107758 0.967103 1.023079
51 410
0.930990 0.002003 0.365039 -0.247041
0.046807 0.991075 -0.124815 -0.436156
-0.362031 0.133288 0.922588 1.072626
52 416
0.844986 0.012153 0.534650 -0.205526
0.073761 0.987538 -0.139023 -0.442663
-0.529677 0.156908 0.833560 1.103932
54 429
0.518932 0.053392 0.853147 -0.080429
0.097408 0.987853 -0.121071 -0.442195
-0.849248 0.145931 0.507428 1.138774
55 435
0.352699 0.059343 0.933853 -0.020288
0.100336 0.989835 -0.100796 -0.447290
-0.930342 0.129250 0.343160 1.151301
56 444
0.157833 0.073694 0.984712 0.087409
0.097696 0.991153 -0.089836 -0.457617
-0.982621 0.110382 0.149237 1.168434
57 453
0.051671 0.081841 0.995305 0.200875
0.093392 0.991873 -0.086407 -0.479130
-0.994288 0.097418 0.043608 1.170322
58 461
0.008009 0.098405 0.995114 0.294403
0.080368 0.991864 -0.098731 -0.484910
-0.996733 0.080766 0.000035 1.159507
60 484
0.010651 0.101934 0.994734 0.589878
0.060747 0.992887 -0.102396 -0.514247
-0.998096 0.061518 0.004383 1.175485
61 494
-0.003970 0.098909 0.995089 0.707769
0.069229 0.992736 -0.098399 -0.521739
-0.997593 0.068499 -0.010789 1.169854
62 503
-0.033927 0.109250 0.993435 0.817699
0.070208 0.991812 -0.106674 -0.529664
-0.996955 0.066128 -0.041319 1.165084
63 511
-0.090667 0.113188 0.989428 0.910562
0.080788 0.991082 -0.105974 -0.536713
-0.992599 0.070325 -0.099003 1.158144
66 532
-0.596520 0.175495 0.783176 1.073973
0.135634 0.983809 -0.117145 -0.547872
-0.791055 0.036346 -0.610665 1.055545
67 540
-0.799997 0.177582 0.573122 1.088443
0.140343 0.984083 -0.109018 -0.546809
-0.583359 -0.006781 -0.812186 0.963910
68 548
-0.922482 0.154280 0.353870 1.095570
0.133420 0.987597 -0.082768 -0.551362
-0.362250 -0.029139 -0.931625 0.868643
69 556
-0.972973 0.142375 0.181803 1.102414
0.136055 0.989593 -0.046838 -0.553164
-0.186580 -0.020837 -0.982219 0.776754
70 567
-0.989614 0.140440 0.030679 1.087999
0.140452 0.990086 -0.001788 -0.559954
-0.030626 0.002540 -0.999528 0.654321
72 598
-0.947134 0.171385 -0.271226 0.945927
0.166728 0.985179 0.040300 -0.541570
0.274113 -0.007052 -0.961672 0.363963
75 646
-0.992967 0.105444 0.053842 0.867204
0.100937 0.991630 -0.080508 -0.549589
-0.061881 -0.074507 -0.995299 -0.110466
76 664
-0.989458 0.117803 0.084235 0.890462
0.111621 0.990940 -0.074691 -0.545805
-0.092271 -0.064501 -0.993643 -0.371962
77 674
-0.989452 0.140175 0.036549 0.909008
0.138784 0.989587 -0.038157 -0.537122
-0.041517 -0.032682 -0.998603 -0.521241
78 689
-0.973325 0.169900 -0.154181 0.876650
0.175192 0.984304 -0.021309 -0.520113
0.148141 -0.047752 -0.987813 -0.730257
79 699
-0.924932 0.161370 -0.344182 0.816617
0.175756 0.984375 -0.010791 -0.505352
0.337062 -0.070473 -0.938841 -0.848304
80 709
-0.813464 0.171297 -0.555818 0.723138
0.193638 0.980891 0.018902 -0.496828
0.548435 -0.092252 -0.831089 -0.940536
81 722
-0.569089 0.144318 -0.809512 0.591454
0.180296 0.982421 0.048395 -0.483145
0.802266 -0.118411 -0.585105 -1.003772
83 748
-0.114324 0.053080 -0.992024 0.267050
0.112412 0.992849 0.040169 -0.465641
0.987063 -0.106923 -0.119473 -1.027956
89 861
0.680220 0.007241 -0.732972 -0.957666
0.006675 0.999849 0.016072 -0.359789
0.732978 -0.015826 0.680069 -0.156881
90 872
0.727088 0.003399 -0.686536 -1.078227
0.023144 0.999298 0.029460 -0.345236
0.686154 -0.037309 0.726499 -0.052527
92 895
0.840841 0.005609 -0.541253 -1.252849
0.009746 0.999627 0.025500 -0.318340
0.541194 -0.026717 0.840473 0.219832
93 908
0.896723 -0.025348 -0.441865 -1.323882
0.027091 0.999630 -0.002367 -0.311636
0.441762 -0.009847 0.897078 0.386578
94 921
0.947524 -0.040521 -0.317105 -1.352721
0.036346 0.999157 -0.019072 -0.299444
0.317610 0.006546 0.948199 0.559258
95 935
0.972133 -0.025894 -0.232994 -1.372786
0.016248 0.998933 -0.043225 -0.264742
0.233864 0.038235 0.971517 0.723614
97 1002
0.998964 0.002231 0.045445 -1.369752
-0.000077 0.998879 -0.047343 -0.354410
-0.045499 0.047290 0.997844 0.250795
99 1032
0.794057 -0.034874 -0.606842 -1.191221
0.060115 0.997964 0.021309 -0.372477
0.604863 -0.053401 0.794537 -0.016252
101 1071
0.341718 0.065109 -0.937544 -0.836719
0.070236 0.993038 0.094563 -0.370421
0.937174 -0.098163 0.334766 -0.224025
102 1082
0.193825 0.090092 -0.976891 -0.738903
0.067354 0.992203 0.104868 -0.376232
0.978721 -0.086124 0.186246 -0.293192
103 1101
0.068537 0.096708 -0.992950 -0.567214
0.064251 0.992797 0.101128 -0.406311
0.995577 -0.070729 0.061829 -0.380900
104 1119
-0.099274 0.092689 -0.990734 -0.416296
0.065783 0.994085 0.086411 -0.421734
0.992883 -0.056595 -0.104784 -0.438440
105 1133
-0.267906 0.112990 -0.956797 -0.299253
0.104908 0.990615 0.087610 -0.431029
0.957716 -0.076904 -0.277245 -0.536843
106 1145
-0.445181 0.135292 -0.885161 -0.265956
0.146056 0.986253 0.077286 -0.427415
0.883449 -0.094877 -0.458821 -0.632220
107 1158
-0.656047 0.131058 -0.743253 -0.285510
0.163158 0.986148 0.029872 -0.428139
0.736873 -0.101670 -0.668343 -0.769745
108 1171
-0.813170 0.113783 -0.570797 -0.318662
0.148379 0.988828 -0.014271 -0.428132
0.562796 -0.096299 -0.820967 -0.921388
109 1184
-0.867747 0.119540 -0.482416 -0.373206
0.147103 0.988928 -0.019550 -0.424640
0.474737 -0.087929 -0.875724 -1.055711
110 1198
-0.862611 0.134731 -0.487596 -0.465387
0.156949 0.987595 -0.004771 -0.410794
0.480905 -0.080643 -0.873056 -1.207759
111 1212
-0.791246 0.153875 -0.591821 -0.571112
0.170407 0.984968 0.028266 -0.406211
0.587275 -0.078485 -0.805573 -1.341376
112 1226
-0.621192 0.129895 -0.772818 -0.711109
0.173066 0.984557 0.026374 -0.398835
0.764309 -0.117365 -0.634079 -1.408842
113 1241
-0.330048 0.082535 -0.940349 -0.880988
0.142612 0.989096 0.036758 -0.389848
0.933129 -0.121973 -0.338220 -1.451261
114 1256
-0.027413 0.062981 -0.997638 -1.056144
0.107447 0.992417 0.059699 -0.379058
0.993833 -0.105557 -0.033972 -1.477850
115 1281
0.426956 -0.008359 -0.904234 -1.298854
0.053060 0.998466 0.015824 -0.366726
0.902715 -0.054735 0.426744 -1.388978
116 1296
0.697864 -0.056574 -0.713993 -1.395911
0.051825 0.998251 -0.028443 -0.356195
0.714353 -0.017153 0.699575 -1.303325
117 1317
0.971638 0.006212 -0.236391 -1.441877
-0.006818 0.999975 -0.001747 -0.369442
0.236374 0.003310 0.971657 -1.176500

0
0.000000 0.000000 0.000000 -nan
0.000000 0.000000 0.000000 -nan
-nan 0.000000 0.000000 -nan
1
0.000000 0.000000 0.000000 -nan
0.000000 0.000000 0.000000 -nan
-nan 0.000000 0.000000 -nan
2
0.000000 0.000000 0.000000 -nan
0.000000 0.000000 0.000000 -nan
-nan 0.000000 0.000000 -nan
3
0.000000 0.000000 0.000000 -nan
0.000000 0.000000 0.000000 -nan
-nan 0.000000 0.000000 -nan
4
0.000000 0.000000 0.000000 -nan
0.000000 0.000000 0.000000 -nan
-nan 0.000000 0.000000 -nan
5
0.000000 0.000000 0.000000 -nan
0.000000 0.000000 0.000000 -nan
-nan 0.000000 0.000000 -nan
6
0.000000 0.000000 0.000000 -nan
0.000000 0.000000 0.000000 -nan
-nan 0.000000 0.000000 -nan
7
0.000000 0.000000 0.000000 -nan
0.000000 0.000000 0.000000 -nan
-nan 0.000000 0.000000 -nan
8
0.000000 0.000000 0.000000 -nan
0.000000 0.000000 0.000000 -nan
-nan 0.000000 0.000000 -nan
9
0.000000 0.000000 0.000000 -nan
0.000000 0.000000 0.000000 -nan
-nan 0.000000 0.000000 -nan
10
0.000000 0.000000 0.000000 -nan
0.000000 0.000000 0.000000 -nan
-nan 0.000000 0.000000 -nan
11
0.000000 0.000000 0.000000 -nan
0.000000 0.000000 0.000000 -nan
-nan 0.000000 0.000000 -nan
12
0.999903 0.010732 -0.008873 -0.021886
-0.010700 0.999936 0.003741 0.001772
0.008912 -0.003646 0.999954 0.003957
13
0.999892 0.010453 -0.010286 -0.022514
-0.010402 0.999933 0.005089 0.002483
0.010338 -0.004981 0.999934 0.003992
14
0.999871 0.010648 -0.011999 -0.024596
-0.010605 0.999937 0.003652 0.001847
0.012037 -0.003524 0.999921 0.004518
15
0.999869 0.010636 -0.012225 -0.026168
-0.010624 0.999943 0.001088 0.002071
0.012235 -0.000958 0.999925 0.003246
16
0.999868 0.009634 -0.013052 -0.027574
-0.009659 0.999952 -0.001803 0.002234
0.013034 0.001929 0.999913 0.003565
17
0.999868 0.009948 -0.012884 -0.029244
-0.009975 0.999948 -0.002038 0.002505
0.012863 0.002166 0.999915 0.002770
18
0.999858 0.011333 -0.012459 -0.030387
-0.011397 0.999922 -0.005092 0.002508
0.012400 0.005234 0.999909 0.002404
19
0.999883 0.009464 -0.012023 -0.032295
-0.009505 0.999949 -0.003375 0.003277
0.011990 0.003489 0.999922 0.002472
20
0.999882 0.009142 -0.012345 -0.033719
-0.009138 0.999958 0.000410 0.002820
0.012348 -0.000297 0.999924 0.002397
21
0.999887 0.008406 -0.012454 -0.034931
-0.008383 0.999963 0.001887 0.003317
0.012469 -0.001782 0.999921 0.003044
22
0.999885 0.008503 -0.012590 -0.036794
-0.008524 0.999962 -0.001569 0.002620
0.012576 0.001676 0.999920 0.003383
23
0.999886 0.008282 -0.012608 -0.038688
-0.008332 0.999958 -0.003866 0.003594
0.012575 0.003971 0.999913 0.003745
24
0.999886 0.007942 -0.012863 -0.039857
-0.008014 0.999952 -0.005554 0.003079
0.012818 0.005656 0.999902 0.002996
25
0.999883 0.007261 -0.013432 -0.041797
-0.007337 0.999957 -0.005676 0.003505
0.013390 0.005774 0.999894 0.003769
26
0.999900 0.006006 -0.012840 -0.042973
-0.006117 0.999944 -0.008658 0.003320
0.012787 0.008736 0.999880 0.003280
27
0.999923 0.006297 -0.010707 -0.044762
-0.006409 0.999925 -0.010446 0.003913
0.010640 0.010514 0.999888 0.001726
28
0.999912 0.007940 -0.010666 -0.046822
-0.008019 0.999940 -0.007442 0.003365
0.010606 0.007527 0.999915 0.001933
29
0.999920 0.006886 -0.010609 -0.048240
-0.006954 0.999955 -0.006402 0.003670
0.010564 0.006475 0.999923 0.002109
30
0.999911 0.007659 -0.010882 -0.050168
-0.007709 0.999960 -0.004529 0.003587
0.010847 0.004612 0.999931 0.002305
31
0.999902 0.008295 -0.011308 -0.051343
-0.008336 0.999959 -0.003514 0.004056
0.011278 0.003608 0.999930 0.002414
32
0.999903 0.009543 -0.010171 -0.052375
-0.009550 0.999954 -0.000606 0.003705
0.010165 0.000703 0.999948 0.001716
33
0.999893 0.010185 -0.010517 -0.053928
-0.010181 0.999948 0.000360 0.004141
0.010520 -0.000253 0.999945 0.002368
34
0.999910 0.009030 -0.009889 -0.054961
-0.008983 0.999948 0.004725 0.003792
0.009931 -0.004636 0.999940 0.002959
35
0.999921 0.008934 -0.008897 -0.056161
-0.008844 0.999910 0.010132 0.004295
0.008987 -0.010053 0.999909 0.004119
36
0.999927 0.009560 -0.007371 -0.056671
-0.009470 0.999882 0.012131 0.004438
0.007487 -0.012060 0.999899 0.004574
37
0.999932 0.010682 -0.004680 -0.056199
-0.010604 0.999809 0.016388 0.004136
0.004855 -0.016337 0.999855 0.003589
38
0.999925 0.011479 -0.004164 -0.057397
-0.011395 0.999744 0.019550 0.004352
0.004388 -0.019502 0.999800 0.003743
39
0.999892 0.013513 -0.005846 -0.058345
-0.013392 0.999704 0.020313 0.003900
0.006119 -0.020232 0.999777 0.003971
40
0.999902 0.012838 -0.005641 -0.059141
-0.012734 0.999754 0.018141 0.004165
0.005873 -0.018067 0.999820 0.003959
41
0.999899 0.013037 -0.005585 -0.060398
-0.012951 0.999802 0.015124 0.004374
0.005781 -0.015050 0.999870 0.003074
42
0.999905 0.011946 -0.006933 -0.061411
-0.011861 0.999855 0.012255 0.003673
0.007079 -0.012171 0.999901 0.001061
43
0.999897 0.011387 -0.008708 -0.062929
-0.011306 0.999892 0.009338 0.004467
0.008813 -0.009238 0.999918 0.001145
44
0.999861 0.012592 -0.010920 -0.064716
-0.012496 0.999883 0.008818 0.004337
0.011030 -0.008680 0.999901 0.001084
45
0.999853 0.012506 -0.011709 -0.066475
-0.012399 0.999881 0.009147 0.004689
0.011822 -0.009001 0.999890 0.001339
46
0.999883 0.010408 -0.011180 -0.068137
-0.010317 0.999914 0.008152 0.004167
0.011264 -0.008036 0.999904 0.002244
47
0.999924 0.007168 -0.010054 -0.069956
-0.007123 0.999964 0.004540 0.004599
0.010086 -0.004468 0.999939 0.001957
48
0.999922 0.007281 -0.010117 -0.071885
-0.007267 0.999973 0.001360 0.005388
0.010127 -0.001286 0.999948 0.001675
49
0.999944 0.004866 -0.009442 -0.073778
-0.004883 0.999986 -0.001826 0.004723
0.009433 0.001872 0.999954 0.000080
50
0.999958 0.004106 -0.008186 -0.075421
-0.004108 0.999992 -0.000180 0.005561
0.008185 0.000214 0.999966 0.000784
51
0.999962 0.004193 -0.007604 -0.077187
-0.004195 0.999991 -0.000211 0.006071
0.007603 0.000242 0.999971 0.001188
52
0.999970 0.004308 -0.006418 -0.078715
-0.004313 0.999990 -0.000809 0.004969
0.006415 0.000837 0.999979 0.001513
53
0.999985 0.002204 -0.005059 -0.080643
-0.002200 0.999997 0.000794 0.005739
0.005061 -0.000783 0.999987 0.001469
54
0.999990 0.001533 -0.004174 -0.083077
-0.001536 0.999998 -0.000819 0.005582
0.004173 0.000825 0.999991 0.001645
55
0.999992 0.001100 -0.003733 -0.085625
-0.001101 0.999999 -0.000146 0.006208
0.003733 0.000151 0.999993 0.001390
56
0.999989 0.001839 -0.004406 -0.088525
-0.001843 0.999998 -0.000868 0.005833
0.004404 0.000876 0.999990 0.001036
57
0.999989 0.001975 -0.004340 -0.091782
-0.001989 0.999993 -0.003177 0.007242
0.004333 0.003185 0.999986 0.000572
58
0.999980 0.002963 -0.005673 -0.096413
-0.002989 0.999985 -0.004662 0.006763
0.005659 0.004679 0.999973 -0.000120
59
0.999974 0.003649 -0.006272 -0.100043
-0.003680 0.999981 -0.004882 0.007680
0.006254 0.004905 0.999968 -0.000610
60
0.999973 0.005101 -0.005264 -0.104900
-0.005127 0.999975 -0.004862 0.007944
0.005240 0.004888 0.999974 -0.000559
61
0.999963 0.006656 -0.005504 -0.109554
-0.006669 0.999975 -0.002310 0.007566
0.005488 0.002347 0.999982 0.000850
62
0.999957 0.007159 -0.005966 -0.114360
-0.007161 0.999974 -0.000221 0.007814
0.005964 0.000263 0.999982 0.001531
63
0.999951 0.007615 -0.006349 -0.119040
-0.007604 0.999970 0.001779 0.008198
0.006362 -0.001731 0.999978 0.002219
64
0.999945 0.008597 -0.005964 -0.123641
-0.008593 0.999963 0.000821 0.008202
0.005971 -0.000770 0.999982 0.001944
65
0.999937 0.009516 -0.006022 -0.127998
-0.009528 0.999953 -0.002032 0.009119
0.006003 0.002089 0.999980 0.002495
66
0.999927 0.010798 -0.005442 -0.131910
-0.010824 0.999930 -0.004715 0.009369
0.005391 0.004774 0.999974 0.002052
67
0.999934 0.010566 -0.004482 -0.135411
-0.010580 0.999939 -0.003060 0.007954
0.004449 0.003108 0.999985 0.001882
68
0.999934 0.010904 -0.003496 -0.138428
-0.010920 0.999929 -0.004738 0.008694
0.003444 0.004776 0.999983 0.002178
69
0.999943 0.010188 -0.003068 -0.141184
-0.010206 0.999930 -0.005972 0.009221
0.003007 0.006003 0.999977 0.001806
70
0.999946 0.010022 -0.002738 -0.143849
-0.010051 0.999894 -0.010575 0.009997
0.002631 0.010602 0.999940 0.001055
71
0.999945 0.010157 -0.002464 -0.146649
-0.010179 0.999907 -0.009086 0.010138
0.002371 0.009110 0.999956 0.001544
72
0.999941 0.010597 -0.002208 -0.149298
-0.010615 0.999910 -0.008197 0.009916
0.002121 0.008220 0.999964 0.002348
73
0.999949 0.010034 -0.001093 -0.151539
-0.010039 0.999936 -0.005188 0.010068
0.001040 0.005199 0.999986 0.002441
74
0.999970 0.007790 -0.000290 -0.153477
-0.007791 0.999965 -0.002943 0.010023
0.000267 0.002945 0.999996 0.002745
75
0.999971 0.007602 0.000331 -0.160156
-0.007601 0.999960 -0.004647 0.010673
-0.000366 0.004644 0.999989 0.001879
76
0.999975 0.007125 0.000248 -0.162732
-0.007123 0.999957 -0.005994 0.009513
-0.000291 0.005992 0.999982 0.001120
77
0.999998 0.002126 -0.000166 -0.165498
-0.002128 0.999961 -0.008588 0.010303
0.000148 0.008588 0.999963 0.000598
78
0.999999 0.001312 0.000613 -0.168580
-0.001305 0.999946 -0.010293 0.011783
-0.000626 0.010292 0.999947 0.000207
79
0.999998 0.001236 0.001476 -0.171676
-0.001221 0.999951 -0.009834 0.011183
-0.001488 0.009832 0.999951 0.000354
80
0.999997 0.000014 0.002355 -0.174187
0.000006 0.999967 -0.008173 0.009403
-0.002355 0.008173 0.999964 -0.000013
81
0.999999 -0.001070 0.001285 -0.176491
0.001078 0.999979 -0.006420 0.013471
-0.001278 0.006422 0.999979 0.000569
82
1.000000 -0.000580 -0.000559 -0.179540
0.000576 0.999970 -0.007736 0.012489
0.000564 0.007735 0.999970 -0.000285
83
0.999998 0.000121 -0.001800 -0.185438
-0.000136 0.999965 -0.008320 0.012865
0.001799 0.008320 0.999964 0.000368
84
0.999998 -0.000300 -0.002173 -0.188205
0.000285 0.999978 -0.006671 0.014185
0.002175 0.006671 0.999975 0.000402
85
0.999997 0.001381 -0.001951 -0.190997
-0.001393 0.999980 -0.006234 0.012463
0.001942 0.006237 0.999979 0.000429
86
0.999993 0.001642 -0.003381 -0.193656
-0.001662 0.999980 -0.006021 0.013448
0.003371 0.006027 0.999976 0.000956
87
0.999990 0.002426 -0.003658 -0.196966
-0.002442 0.999987 -0.004433 0.014163
0.003647 0.004441 0.999983 0.001062
88
0.999993 0.002868 -0.002212 -0.200470
-0.002875 0.999991 -0.003165 0.015232
0.002203 0.003171 0.999993 0.000582
89
0.999981 0.005430 -0.002998 -0.205074
-0.005440 0.999980 -0.003146 0.014061
0.002980 0.003162 0.999991 0.001377
90
0.999982 0.004588 -0.003911 -0.208863
-0.004607 0.999977 -0.004899 0.015278
0.003889 0.004917 0.999980 0.000998
91
0.999978 0.004577 -0.004900 -0.213379
-0.004609 0.999968 -0.006559 0.015247
0.004870 0.006581 0.999966 0.000726
92
0.999988 0.003863 -0.003107 -0.217003
-0.003884 0.999970 -0.006631 0.014145
0.003082 0.006643 0.999973 0.000860
93
0.999992 0.003404 -0.002055 -0.220447
-0.003412 0.999987 -0.003818 0.015204
0.002042 0.003825 0.999991 0.001846
94
0.999996 0.002384 -0.001348 -0.223702
-0.002388 0.999993 -0.003032 0.015975
0.001341 0.003035 0.999994 0.002813
95
1.000000 0.000786 0.000216 -0.227267
-0.000785 0.999997 -0.002467 0.015220
-0.000218 0.002466 0.999997 0.002473
96
1.000000 -0.000091 0.000103 -0.230606
0.000091 0.999995 -0.003148 0.015295
-0.000102 0.003148 0.999995 0.003315
97
0.999999 -0.001422 0.000719 -0.234310
0.001425 0.999991 -0.003986 0.016978
-0.000713 0.003987 0.999992 0.003269
98
0.999999 -0.001313 0.000408 -0.238432
0.001315 0.999987 -0.004906 0.018262
-0.000401 0.004906 0.999988 0.002174
99
0.999999 0.001315 -0.000820 -0.242707
-0.001319 0.999985 -0.005225 0.017512
0.000813 0.005226 0.999986 0.002324
100
0.999996 0.002669 -0.000714 -0.246613
-0.002671 0.999992 -0.002981 0.017918
0.000706 0.002983 0.999995 0.002996
101
0.999990 0.004192 -0.001392 -0.250655
-0.004196 0.999988 -0.002492 0.017546
0.001382 0.002498 0.999996 0.003348
102
0.999991 0.003927 -0.001638 -0.254028
-0.003930 0.999991 -0.001536 0.016787
0.001632 0.001542 0.999997 0.003174
103
0.999997 0.001469 -0.001764 -0.257133
-0.001474 0.999995 -0.002793 0.016641
0.001760 0.002795 0.999995 0.003495
104
0.999999 0.000991 -0.000945 -0.259676
-0.000995 0.999994 -0.003439 0.016562
0.000941 0.003440 0.999994 0.003744
105
0.999999 0.000823 -0.000984 -0.262315
-0.000827 0.999991 -0.004130 0.017216
0.000980 0.004131 0.999991 0.003527
106
1.000000 0.000756 0.000625 -0.264879
-0.000753 0.999990 -0.004461 0.018350
-0.000628 0.004461 0.999990 0.002962
107
0.999999 0.001509 0.000601 -0.267440
-0.001508 0.999997 -0.002008 0.018023
-0.000604 0.002007 0.999998 0.003323
108
0.999996 0.001123 0.002480 -0.269953
-0.001121 0.999999 -0.000575 0.018279
-0.002481 0.000572 0.999997 0.004017
109
0.999996 0.001538 0.002254 -0.272246
-0.001534 0.999997 -0.001965 0.018598
-0.002257 0.001962 0.999996 0.003533
110
0.999997 0.002101 0.001568 -0.274691
-0.002098 0.999996 -0.001689 0.018646
-0.001571 0.001685 0.999997 0.004359
111
0.999998 -0.000099 0.002205 -0.276653
0.000106 0.999995 -0.003050 0.017589
-0.002204 0.003050 0.999993 0.002137
112
0.999994 0.000227 0.003569 -0.278967
-0.000212 0.999991 -0.004281 0.019531
-0.003570 0.004280 0.999984 0.001639
113
0.999992 0.000329 0.004023 -0.281690
-0.000315 0.999994 -0.003444 0.019378
-0.004024 0.003442 0.999986 0.001765
114
0.999991 0.001583 0.004000 -0.284251
-0.001575 0.999997 -0.002033 0.019186
-0.004003 0.002027 0.999990 0.002308
115
0.999991 0.001854 0.003840 -0.286714
-0.001849 0.999998 -0.001075 0.019555
-0.003842 0.001068 0.999992 0.002735
116
0.999987 0.003994 0.003262 -0.289079
-0.003989 0.999991 -0.001610 0.020099
-0.003268 0.001596 0.999993 0.002759
117
0.999978 0.005950 0.002805 -0.291931
-0.005944 0.999980 -0.002299 0.020866
-0.002819 0.002282 0.999993 0.003203
118
0.999958 0.008828 0.002405 -0.294418
-0.008824 0.999960 -0.001364 0.021100
-0.002417 0.001342 0.999996 0.003278
119
0.999942 0.010627 0.001787 -0.297494
-0.010626 0.999943 -0.000694 0.020196
-0.001794 0.000675 0.999998 0.002902
120
0.999932 0.011671 0.000333 -0.300270
-0.011672 0.999928 0.002913 0.020324
-0.000299 -0.002916 0.999996 0.003276
121
0.999918 0.012795 -0.000126 -0.302829
-0.012795 0.999912 0.003425 0.019992
0.000170 -0.003423 0.999994 0.003898
122
0.999929 0.011876 0.000816 -0.305690
-0.011878 0.999928 0.001823 0.020501
-0.000795 -0.001833 0.999998 0.004236
123
0.999945 0.010359 0.001885 -0.307965
-0.010366 0.999939 0.003716 0.020199
-0.001846 -0.003735 0.999991 0.003963
124
0.999940 0.010661 0.002496 -0.310573
-0.010671 0.999935 0.003953 0.020452
-0.002454 -0.003980 0.999989 0.004396
125
0.999945 0.010009 0.003234 -0.313715
-0.010026 0.999937 0.005135 0.021094
-0.003182 -0.005167 0.999982 0.004838
126
0.999959 0.008052 0.004053 -0.316268
-0.008065 0.999962 0.003226 0.021665
-0.004027 -0.003258 0.999987 0.004460
127
0.999951 0.009076 0.004058 -0.319782
-0.009086 0.999956 0.002535 0.021413
-0.004035 -0.002571 0.999989 0.003540
128
0.999951 0.009189 0.003641 -0.323211
-0.009207 0.999946 0.004783 0.022768
-0.003597 -0.004816 0.999982 0.004144
129
0.999943 0.010144 0.003447 -0.326698
-0.010167 0.999926 0.006612 0.022620
-0.003380 -0.006647 0.999972 0.004443
130
0.999948 0.009817 0.002862 -0.330165
-0.009840 0.999919 0.008071 0.022288
-0.002782 -0.008098 0.999963 0.004399
131
0.999958 0.008699 0.002910 -0.334036
-0.008723 0.999926 0.008470 0.021735
-0.002837 -0.008495 0.999960 0.004804
132
0.999963 0.007955 0.003393 -0.337866
-0.007978 0.999944 0.006984 0.022465
-0.003337 -0.007011 0.999970 0.004649
133
0.999973 0.006009 0.004210 -0.341554
-0.006031 0.999968 0.005294 0.020919
-0.004178 -0.005319 0.999977 0.003991
134
0.999977 0.004628 0.004912 -0.345611
-0.004637 0.999988 0.001780 0.023801
-0.004904 -0.001803 0.999986 0.003836
135
0.999972 0.004755 0.005755 -0.349628
-0.004768 0.999986 0.002241 0.023371
-0.005744 -0.002268 0.999981 0.002680
136
0.999980 0.003957 0.004888 -0.353775
-0.003966 0.999990 0.001856 0.025024
-0.004881 -0.001875 0.999986 0.002955
137
0.999981 0.004511 0.004285 -0.361215
-0.004521 0.999987 0.002348 0.024640
-0.004275 -0.002367 0.999988 0.003315
138
0.999978 0.004959 0.004442 -0.365512
-0.004974 0.999982 0.003479 0.025548
-0.004425 -0.003501 0.999984 0.005111
139
0.999969 0.005690 0.005405 -0.369375
-0.005705 0.999980 0.002815 0.024770
-0.005388 -0.002845 0.999981 0.004344
140
0.999973 0.004032 0.006167 -0.372878
-0.004052 0.999987 0.003153 0.025458
-0.006154 -0.003177 0.999976 0.004229
141
0.999976 0.003505 0.006005 -0.376698
-0.003520 0.999991 0.002389 0.024578
-0.005996 -0.002410 0.999979 0.004636
142
0.999973 0.001406 0.007202 -0.380176
-0.001422 0.999996 0.002297 0.026013
-0.007199 -0.002307 0.999971 0.004412
143
0.999969 0.001142 0.007814 -0.383740
-0.001167 0.999994 0.003185 0.025731
-0.007810 -0.003194 0.999964 0.004994
144
0.999952 -0.001732 0.009620 -0.387251
0.001712 0.999996 0.002125 0.026089
-0.009623 -0.002109 0.999951 0.004299
145
0.999952 -0.002363 0.009535 -0.390381
0.002361 0.999997 0.000280 0.025426
-0.009536 -0.000257 0.999954 0.004134
146
0.999946 -0.003754 0.009728 -0.394032
0.003779 0.999990 -0.002583 0.026941
-0.009718 0.002620 0.999949 0.004194
147
0.999948 -0.003635 0.009560 -0.397468
0.003684 0.999980 -0.005118 0.026191
-0.009542 0.005153 0.999941 0.004577
148
0.999930 -0.005464 0.010471 -0.400745
0.005522 0.999969 -0.005572 0.028206
-0.010440 0.005630 0.999930 0.004311
149
0.999933 -0.004243 0.010807 -0.403921
0.004314 0.999969 -0.006550 0.027382
-0.010779 0.006596 0.999920 0.004205
150
0.999933 -0.004065 0.010847 -0.406965
0.004137 0.999970 -0.006612 0.027220
-0.010820 0.006657 0.999919 0.003949
151
0.999926 -0.004576 0.011287 -0.410306
0.004634 0.999976 -0.005140 0.027682
-0.011263 0.005192 0.999923 0.004667
152
0.999928 -0.004229 0.011230 -0.413557
0.004293 0.999975 -0.005624 0.028129
-0.011206 0.005671 0.999921 0.004791
153
0.999924 -0.004610 0.011469 -0.416822
0.004708 0.999952 -0.008572 0.028298
-0.011429 0.008626 0.999897 0.004746
154
0.999929 -0.004526 0.011045 -0.420233
0.004654 0.999921 -0.011668 0.027242
-0.010991 0.011718 0.999871 0.004390
155
0.999932 -0.004983 0.010515 -0.423908
0.005109 0.999915 -0.011978 0.029172
-0.010454 0.012031 0.999873 0.004926
156
0.999936 -0.003541 0.010763 -0.427240
0.003677 0.999912 -0.012710 0.029177
-0.010717 0.012748 0.999861 0.005047
157
0.999935 -0.002183 0.011170 -0.430158
0.002332 0.999907 -0.013414 0.029378
-0.011140 0.013440 0.999848 0.004811
158
0.999934 -0.001327 0.011402 -0.433344
0.001464 0.999926 -0.012041 0.028879
-0.011386 0.012057 0.999862 0.005565
159
0.999927 -0.001990 0.011906 -0.436158
0.002109 0.999948 -0.009987 0.029545
-0.011885 0.010011 0.999879 0.005731
160
0.999894 -0.001635 0.014460 -0.438440
0.001766 0.999958 -0.009008 0.029529
-0.014445 0.009033 0.999855 0.005910
161
0.999864 -0.000455 0.016467 -0.440674
0.000685 0.999902 -0.014004 0.029215
-0.016459 0.014013 0.999766 0.006113
162
0.999866 0.000000 0.016341 -0.443305
0.000265 0.999869 -0.016208 0.029837
-0.016338 0.016211 0.999735 0.006019
163
0.999862 -0.001718 0.016551 -0.445443
0.002028 0.999822 -0.018770 0.029220
-0.016515 0.018801 0.999687 0.005161
164
0.999875 -0.001446 0.015716 -0.447703
0.001711 0.999856 -0.016890 0.029840
-0.015689 0.016915 0.999734 0.005617
165
0.999880 -0.000402 0.015456 -0.449616
0.000637 0.999884 -0.015191 0.030393
-0.015448 0.015199 0.999765 0.005669
166
0.999888 0.000964 0.014920 -0.451364
-0.000712 0.999857 -0.016922 0.030364
-0.014935 0.016909 0.999745 0.005708
167
0.999891 -0.000925 0.014743 -0.452781
0.001170 0.999860 -0.016676 0.030466
-0.014726 0.016692 0.999752 0.005661
168
0.999872 -0.000232 0.015993 -0.453170
0.000413 0.999936 -0.011286 0.030611
-0.015989 0.011291 0.999808 0.006368
169
0.999844 -0.000886 0.017615 -0.453670
0.001031 0.999966 -0.008241 0.030097
-0.017607 0.008258 0.999811 0.006917
170
0.999822 -0.000459 0.018865 -0.453816
0.000613 0.999967 -0.008135 0.029917
-0.018861 0.008145 0.999789 0.006886
171
0.999793 -0.001432 0.020290 -0.454264
0.001512 0.999991 -0.003930 0.030366
-0.020284 0.003960 0.999786 0.007672
172
0.999771 -0.002740 0.021245 -0.454362
0.002771 0.999995 -0.001399 0.030142
-0.021241 0.001458 0.999773 0.007484
173
0.999785 -0.005171 0.020091 -0.454878
0.005217 0.999984 -0.002245 0.030676
-0.020079 0.002350 0.999796 0.007604
174
0.999777 -0.005879 0.020303 -0.455699
0.005923 0.999980 -0.002089 0.030434
-0.020290 0.002209 0.999792 0.006977
175
0.999787 -0.006268 0.019648 -0.456426
0.006300 0.999979 -0.001550 0.030591
-0.019638 0.001674 0.999806 0.006899
176
0.999806 -0.005864 0.018793 -0.457275
0.005818 0.999980 0.002529 0.030820
-0.018807 -0.002419 0.999820 0.007536
177
0.999819 -0.005804 0.018097 -0.457775
0.005742 0.999977 0.003519 0.031283
-0.018117 -0.003414 0.999830 0.007916
178
0.999827 -0.004332 0.018112 -0.458557
0.004257 0.999982 0.004180 0.030828
-0.018130 -0.004102 0.999827 0.007698
179
0.999837 -0.004488 0.017497 -0.459230
0.004392 0.999975 0.005498 0.030553
-0.017522 -0.005421 0.999832 0.008025
180
0.999844 -0.005165 0.016897 -0.459665
0.005004 0.999941 0.009593 0.031079
-0.016946 -0.009507 0.999811 0.008198
181
0.999848 -0.005933 0.016369 -0.460234
0.005785 0.999942 0.009055 0.030477
-0.016421 -0.008959 0.999825 0.008010
182
0.999851 -0.007481 0.015536 -0.460467
0.007343 0.999933 0.008931 0.030657
-0.015602 -0.008815 0.999839 0.007612
183
0.999855 -0.008561 0.014693 -0.461433
0.008422 0.999919 0.009552 0.031312
-0.014774 -0.009427 0.999846 0.007654
184
0.999885 -0.006386 0.013720 -0.462361
0.006217 0.999904 0.012376 0.031043
-0.013797 -0.012289 0.999829 0.007478
185
0.999913 -0.004534 0.012387 -0.463389
0.004347 0.999877 0.015076 0.031382
-0.012454 -0.015021 0.999810 0.007857
186
0.999935 -0.003291 0.010933 -0.464192
0.003094 0.999834 0.017942 0.031946
-0.010990 -0.017907 0.999779 0.008187
187
0.999950 -0.001397 0.009899 -0.464927
0.001200 0.999802 0.019867 0.031328
-0.009924 -0.019854 0.999754 0.008407
188
0.999944 -0.001290 0.010462 -0.465025
0.001083 0.999804 0.019756 0.030727
-0.010486 -0.019743 0.999750 0.008636
189
0.999939 -0.004096 0.010254 -0.464548
0.003902 0.999815 0.018848 0.030726
-0.010330 -0.018807 0.999770 0.007314
190
0.999939 -0.004110 0.010240 -0.464774
0.003904 0.999791 0.020062 0.031656
-0.010320 -0.020021 0.999746 0.008029
191
0.999939 -0.004544 0.010076 -0.464902
0.004315 0.999736 0.022570 0.031273
-0.010175 -0.022525 0.999694 0.007826
192
0.999947 -0.003953 0.009540 -0.464724
0.003745 0.999756 0.021786 0.031068
-0.009624 -0.021750 0.999717 0.007957
193
0.999947 -0.004659 0.009213 -0.464475
0.004480 0.999802 0.019371 0.032141
-0.009301 -0.019329 0.999770 0.007348
194
0.999952 -0.004782 0.008499 -0.464904
0.004637 0.999844 0.017028 0.031482
-0.008579 -0.016988 0.999819 0.006596
195
0.999952 -0.005022 0.008378 -0.464975
0.004880 0.999845 0.016920 0.031588
-0.008462 -0.016878 0.999822 0.006542
196
0.999959 -0.004403 0.007887 -0.464977
0.004239 0.999777 0.020684 0.031457
-0.007976 -0.020650 0.999755 0.007497
197
0.999954 -0.004096 0.008629 -0.464884
0.003909 0.999759 0.021600 0.031534
-0.008715 -0.021565 0.999729 0.007652
198
0.999958 -0.002121 0.008895 -0.465178
0.001947 0.999807 0.019537 0.031665
-0.008935 -0.019519 0.999770 0.007077
199
0.999965 -0.000929 0.008257 -0.465011
0.000796 0.999870 0.016123 0.031707
-0.008271 -0.016115 0.999836 0.006462
200
0.999972 0.001166 0.007412 -0.465335
-0.001265 0.999910 0.013386 0.031681
-0.007396 -0.013395 0.999883 0.004809
201
0.999978 0.004399 0.004991 -0.465547
-0.004459 0.999917 0.012092 0.031414
-0.004938 -0.012114 0.999914 0.004231
202
0.999986 0.004196 0.003130 -0.465711
-0.004233 0.999919 0.011980 0.031312
-0.003080 -0.011993 0.999923 0.005621
203
0.999971 0.006250 0.004334 -0.464130
-0.006305 0.999899 0.012750 0.031598
-0.004254 -0.012777 0.999909 0.006170
204
0.999959 0.007490 0.005077 -0.464176
-0.007559 0.999876 0.013783 0.030996
-0.004973 -0.013821 0.999892 0.006452
205
0.999953 0.007577 0.006035 -0.464114
-0.007666 0.999859 0.014937 0.031401
-0.005921 -0.014983 0.999870 0.005948
206
0.999947 0.009190 0.004662 -0.463946
-0.009271 0.999802 0.017608 0.030867
-0.004500 -0.017650 0.999834 0.005898
207
0.999952 0.009204 0.003322 -0.464034
-0.009265 0.999784 0.018617 0.031035
-0.003150 -0.018647 0.999821 0.006777
208
0.999955 0.008842 0.003566 -0.463808
-0.008912 0.999756 0.020200 0.030732
-0.003386 -0.020231 0.999790 0.006783
209
0.999965 0.007734 0.003141 -0.463441
-0.007798 0.999748 0.021031 0.030455
-0.002978 -0.021054 0.999774 0.007196
210
0.999972 0.006985 0.002854 -0.463252
-0.007044 0.999746 0.021409 0.030529
-0.002704 -0.021429 0.999767 0.007543
211
0.999984 0.004716 0.003222 -0.462957
-0.004774 0.999820 0.018343 0.031883
-0.003135 -0.018358 0.999827 0.007529
212
0.999983 0.004831 0.003355 -0.463213
-0.004883 0.999868 0.015491 0.030848
-0.003279 -0.015507 0.999874 0.006382
213
0.999991 0.003754 0.002102 -0.463085
-0.003780 0.999914 0.012542 0.031937
-0.002055 -0.012550 0.999919 0.006225
214
0.999991 0.003554 0.002278 -0.463166
-0.003580 0.999923 0.011858 0.031299
-0.002236 -0.011866 0.999927 0.006874
215
0.999992 0.002436 0.003290 -0.463171
-0.002463 0.999965 0.008049 0.031484
-0.003271 -0.008057 0.999962 0.006367
216
0.999980 0.003991 0.004886 -0.463251
-0.004024 0.999968 0.006866 0.031801
-0.004858 -0.006885 0.999964 0.005831
217
0.999982 0.003556 0.004776 -0.463181
-0.003599 0.999953 0.009054 0.030910
-0.004744 -0.009071 0.999948 0.005875
218
0.999988 0.002315 0.004206 -0.463154
-0.002349 0.999964 0.008157 0.031546
-0.004187 -0.008167 0.999958 0.006745
219
0.999978 0.004360 0.004953 -0.463272
-0.004404 0.999950 0.009030 0.031310
-0.004914 -0.009052 0.999947 0.006142
220
0.999986 0.004327 0.002956 -0.463069
-0.004345 0.999972 0.006069 0.030771
-0.002930 -0.006082 0.999977 0.005173
221
0.999988 0.004794 0.000839 -0.462981
-0.004799 0.999970 0.006108 0.029592
-0.000810 -0.006112 0.999981 0.004337
222
0.999994 0.003134 -0.001190 -0.462441
-0.003129 0.999985 0.004572 0.030386
0.001204 -0.004568 0.999989 0.004660
223
0.999995 0.002443 -0.001915 -0.462079
-0.002435 0.999988 0.004259 0.029661
0.001925 -0.004254 0.999989 0.004731
224
0.999998 0.000573 -0.001637 -0.461968
-0.000571 0.999999 0.001233 0.032129
0.001638 -0.001233 0.999998 0.005642
225
0.999996 0.002233 -0.001711 -0.462274
-0.002228 0.999993 0.002845 0.032463
0.001717 -0.002841 0.999994 0.007174
226
0.999997 0.002474 -0.000842 -0.462520
-0.002469 0.999982 0.005498 0.031785
0.000856 -0.005496 0.999985 0.005474
227
0.999947 0.006871 0.007717 -0.462482
-0.006751 0.999857 -0.015487 0.030203
-0.007822 0.015434 0.999850 0.001605
228
0.999922 0.007895 0.009641 -0.463378
-0.007704 0.999775 -0.019748 0.030942
-0.009795 0.019672 0.999759 0.007862
229
0.999918 0.009341 0.008797 -0.463847
-0.009135 0.999690 -0.023157 0.033055
-0.009011 0.023075 0.999693 0.007052
230
0.999883 0.012475 0.008851 -0.464880
-0.012291 0.999714 -0.020496 0.030796
-0.009104 0.020385 0.999751 0.005361
231
0.999851 0.014698 0.009061 -0.465062
-0.014730 0.999886 0.003442 0.029106
-0.009009 -0.003575 0.999953 0.004399
232
0.999841 0.015856 0.008179 -0.465194
-0.015903 0.999857 0.005738 0.025809
-0.008087 -0.005867 0.999950 0.002455
233
0.999868 0.014999 0.006253 -0.464839
-0.015011 0.999885 0.001918 0.030324
-0.006223 -0.002011 0.999979 0.008578
234
0.999757 0.021495 0.004962 -0.465004
-0.021575 0.999630 0.016588 0.026004
-0.004604 -0.016691 0.999850 0.001891
235
0.999728 0.022894 0.004382 -0.464470
-0.022961 0.999611 0.015837 0.018634
-0.004017 -0.015933 0.999865 -0.005607
236
0.999783 0.020754 0.002026 -0.462676
-0.020787 0.999623 0.017958 0.014567
-0.001652 -0.017996 0.999837 -0.001986
237
0.999894 0.014543 -0.000670 -0.459447
-0.014531 0.999785 0.014818 0.016455
0.000886 -0.014806 0.999890 0.004357
238
0.999896 0.014113 -0.002817 -0.456552
-0.014080 0.999835 0.011497 0.012462
0.002979 -0.011456 0.999930 0.001289
239
0.999880 0.014916 -0.004130 -0.455241
-0.014878 0.999849 0.008988 0.004317
0.004263 -0.008925 0.999951 -0.003117
240
0.999926 0.010823 -0.005529 -0.451328
-0.010781 0.999913 0.007557 -0.000962
0.005610 -0.007497 0.999956 -0.003164
241
0.999966 0.003997 -0.007162 -0.447581
-0.003967 0.999983 0.004169 -0.002563
0.007178 -0.004141 0.999966 -0.001107
242
0.999947 0.000425 -0.010299 -0.444609
-0.000413 0.999999 0.001135 -0.004805
0.010300 -0.001131 0.999946 0.001616
243
0.999937 0.000090 -0.011267 -0.447206
-0.000111 0.999998 -0.001915 -0.010518
0.011267 0.001916 0.999935 0.000389
244
0.999927 -0.001664 -0.012001 -0.443981
0.001602 0.999985 -0.005195 -0.017092
0.012010 0.005175 0.999914 -0.003977
245
0.999910 -0.003236 -0.013011 -0.440551
0.003181 0.999986 -0.004281 -0.023248
0.013024 0.004239 0.999906 -0.004327
246
0.999891 -0.006368 -0.013296 -0.435860
0.006306 0.999969 -0.004642 -0.028512
0.013325 0.004558 0.999901 -0.004170
247
0.999868 -0.009738 -0.013014 -0.432058
0.009665 0.999937 -0.005715 -0.036473
0.013069 0.005588 0.999899 -0.006815
248
0.999826 -0.014267 -0.012019 -0.427482
0.014191 0.999879 -0.006386 -0.041048
0.012108 0.006214 0.999907 -0.009292
249
0.999732 -0.018794 -0.013500 -0.423649
0.018733 0.999814 -0.004630 -0.044870
0.013585 0.004376 0.999898 -0.007791
250
0.999664 -0.021847 -0.013945 -0.420557
0.021776 0.999749 -0.005190 -0.046944
0.014055 0.004884 0.999889 -0.005656
251
0.999649 -0.022191 -0.014467 -0.416944
0.022094 0.999733 -0.006795 -0.052449
0.014614 0.006473 0.999872 -0.009673
252
0.999650 -0.021947 -0.014755 -0.414207
0.021839 0.999734 -0.007431 -0.059045
0.014915 0.007106 0.999864 -0.011472
253
0.999644 -0.022074 -0.015006 -0.411406
0.021967 0.999732 -0.007255 -0.065959
0.015162 0.006923 0.999861 -0.013026
254
0.999684 -0.019923 -0.015306 -0.408637
0.019787 0.999764 -0.008955 -0.071134
0.015480 0.008650 0.999843 -0.015185
255
0.999696 -0.019603 -0.014966 -0.406687
0.019459 0.999764 -0.009673 -0.076585
0.015152 0.009379 0.999841 -0.015960
256
0.999693 -0.019675 -0.015092 -0.405132
0.019488 0.999733 -0.012435 -0.082645
0.015332 0.012137 0.999809 -0.015529
257
0.999719 -0.018738 -0.014490 -0.403064
0.018506 0.999701 -0.015986 -0.088880
0.014785 0.015713 0.999767 -0.018002
258
0.999784 -0.016279 -0.012958 -0.401745
0.016026 0.999683 -0.019425 -0.099195
0.013270 0.019213 0.999727 -0.025102
259
0.999800 -0.016746 -0.010955 -0.400475
0.016543 0.999694 -0.018392 -0.107283
0.011260 0.018207 0.999771 -0.027454
260
0.999792 -0.017674 -0.010183 -0.398964
0.017495 0.999696 -0.017369 -0.113762
0.010487 0.017187 0.999797 -0.021736
261
0.999801 -0.017588 -0.009386 -0.397994
0.017426 0.999703 -0.017055 -0.122079
0.009683 0.016888 0.999811 -0.019161
262
0.999781 -0.019445 -0.007695 -0.402608
0.019285 0.999605 -0.020456 -0.135110
0.008090 0.020303 0.999761 -0.025631
263
0.999773 -0.020501 -0.005848 -0.401707
0.020366 0.999544 -0.022301 -0.140689
0.006302 0.022177 0.999734 -0.027958
264
0.999773 -0.020471 -0.005857 -0.401012
0.020350 0.999594 -0.019918 -0.149488
0.006263 0.019795 0.999784 -0.023621
265
0.999766 -0.021089 -0.004819 -0.400448
0.020994 0.999598 -0.019030 -0.160457
0.005218 0.018924 0.999807 -0.022271
266
0.999784 -0.020441 -0.003853 -0.399300
0.020351 0.999551 -0.021971 -0.175122
0.004301 0.021888 0.999751 -0.026246
267
0.999767 -0.021553 -0.001427 -0.398094
0.021513 0.999494 -0.023427 -0.188138
0.001931 0.023391 0.999725 -0.028364
268
0.999710 -0.024070 0.000965 -0.396128
0.024087 0.999425 -0.023876 -0.196259
-0.000389 0.023892 0.999714 -0.029172
269
0.999688 -0.024675 0.003809 -0.392597
0.024757 0.999422 -0.023300 -0.205462
-0.003232 0.023387 0.999721 -0.032654
270
