79
463
7936

72 343
-0.986340 0.001321 -0.164717 6.567488
0.001175 0.999999 0.000988 -0.004989
0.164719 0.000781 -0.986340 0.505213
8 24
0.997319 0.000015 0.073177 0.164400
-0.000058 1.000000 0.000584 -0.221289
-0.073177 -0.000587 0.997319 -0.060689
64 302
-0.998682 0.001332 -0.051313 6.861248
0.001283 0.999999 0.000984 -0.014135
0.051314 0.000917 -0.998682 3.231514
0 2
1.000000 0.000000 0.000000 -0.000000
0.000000 1.000000 0.000000 -0.000000
0.000000 0.000000 1.000000 -0.000000
73 351
-0.923075 0.001159 -0.384617 6.453477
0.000661 0.999999 0.001427 -0.004933
0.384619 0.001063 -0.923075 0.247716
9 26
0.996656 -0.000063 0.081706 0.119861
0.000043 1.000000 0.000247 -0.213967
-0.081706 -0.000243 0.996656 -0.064889
65 307
-0.999881 0.001328 -0.015350 6.868565
0.001308 0.999998 0.001282 -0.015125
0.015352 0.001262 -0.999881 2.813079
1 5
0.999989 -0.000426 0.004757 0.036274
0.000427 1.000000 -0.000217 -0.026957
-0.004757 0.000219 0.999989 -0.003569
68 320
-0.997832 0.000969 0.065804 6.823341
0.001024 0.999999 0.000797 -0.011905
-0.065803 0.000862 -0.997832 1.765841
4 11
0.999676 -0.000522 0.025456 0.149501
0.000528 1.000000 -0.000237 -0.124253
-0.025456 0.000250 0.999676 -0.023503
69 325
-0.997408 0.000842 0.071950 6.785817
0.000910 0.999999 0.000919 -0.007209
-0.071949 0.000983 -0.997408 1.411484
5 14
0.999304 -0.000059 0.037307 0.200863
0.000074 1.000000 -0.000404 -0.169082
-0.037307 0.000406 0.999304 -0.034242
75 366
-0.614215 0.001670 -0.789137 6.158265
-0.000260 0.999997 0.002318 -0.009236
0.789138 0.001629 -0.614213 -0.081042
11 32
0.994874 0.000299 0.101117 0.021397
-0.000265 1.000000 -0.000351 -0.180914
-0.101117 0.000322 0.994874 -0.075599
15 46
0.994804 0.000170 0.101807 0.247497
-0.000149 1.000000 -0.000217 0.010440
-0.101807 0.000201 0.994804 -0.087594
18 55
0.999762 0.000791 0.021817 0.948759
-0.000800 1.000000 0.000412 0.021694
-0.021816 -0.000429 0.999762 -0.064504
19 58
0.999961 0.000495 -0.008767 1.193241
-0.000491 1.000000 0.000441 0.012847
0.008767 -0.000437 0.999961 -0.040587
20 61
0.999371 0.000613 -0.035457 1.391621
-0.000598 1.000000 0.000430 0.007149
0.035457 -0.000409 0.999371 0.009066
21 64
0.998637 0.001243 -0.052187 1.513064
-0.001228 0.999999 0.000318 0.002106
0.052188 -0.000253 0.998637 0.093987
23 72
0.996544 0.001474 -0.083055 1.662164
-0.001435 0.999999 0.000533 0.000371
0.083056 -0.000412 0.996545 0.389481
24 76
0.995447 0.001810 -0.095303 1.703630
-0.001781 0.999998 0.000394 0.000653
0.095303 -0.000223 0.995448 0.551695
25 80
0.994271 0.001884 -0.106872 1.723024
-0.001836 0.999998 0.000552 -0.000172
0.106873 -0.000353 0.994273 0.726936
26 84
0.993403 0.001822 -0.114658 1.722085
-0.001766 0.999998 0.000587 0.000835
0.114659 -0.000381 0.993405 0.915281
27 88
0.992564 0.001924 -0.121711 1.699062
-0.001874 0.999998 0.000533 0.000483
0.121711 -0.000301 0.992565 1.121987
28 92
0.992221 0.001562 -0.124483 1.654460
-0.001499 0.999999 0.000604 0.001550
0.124484 -0.000413 0.992222 1.347798
29 96
0.992045 0.001679 -0.125872 1.590008
-0.001636 0.999999 0.000447 0.001458
0.125872 -0.000238 0.992046 1.595921
30 100
0.992415 0.001768 -0.122924 1.505794
-0.001732 0.999998 0.000400 0.002879
0.122925 -0.000184 0.992416 1.869848
31 104
0.992088 0.001535 -0.125534 1.358905
-0.001523 0.999999 0.000193 0.001888
0.125534 0.000000 0.992089 2.203030
32 108
0.991515 0.001652 -0.129982 1.148499
-0.001675 0.999999 -0.000071 0.003457
0.129982 0.000288 0.991516 2.596539
33 113
0.990847 0.001490 -0.134979 0.835998
-0.001506 0.999999 -0.000020 0.001980
0.134979 0.000224 0.990848 3.132651
34 118
0.991340 0.002115 -0.131302 0.515728
-0.002211 0.999997 -0.000588 0.001323
0.131300 0.000873 0.991342 3.679287
35 123
0.994132 0.002315 -0.108153 0.238459
-0.002349 0.999997 -0.000184 -0.000219
0.108152 0.000437 0.994134 4.184856
36 127
0.997678 0.002016 -0.068076 0.079858
-0.002014 0.999998 0.000104 0.007951
0.068076 0.000034 0.997680 4.529067
37 132
0.999923 0.002221 0.012209 0.003533
-0.002218 0.999998 -0.000238 0.005734
-0.012209 0.000211 0.999925 4.852464
38 139
0.984476 0.002711 0.175501 0.013906
-0.002672 0.999996 -0.000456 0.000468
-0.175502 -0.000020 0.984479 5.191879
39 147
0.916396 0.003077 0.400261 0.080900
-0.002753 0.999995 -0.001384 0.000868
-0.400264 0.000166 0.916400 5.517077
40 156
0.758070 0.002915 0.652167 0.228941
-0.001976 0.999996 -0.002173 0.004255
-0.652170 0.000358 0.758072 5.815369
41 166
0.501428 0.003018 0.865194 0.480999
-0.001093 0.999995 -0.002855 0.000714
-0.865199 0.000486 0.501429 6.078230
42 174
0.278579 0.002730 0.960410 0.750316
-0.000463 0.999996 -0.002708 -0.000449
-0.960413 0.000310 0.278579 6.248980
43 180
0.129228 0.003114 0.991610 0.991662
-0.000097 0.999995 -0.003128 0.001387
-0.991615 0.000308 0.129228 6.360424
44 185
0.028121 0.003008 0.999600 1.219370
0.000262 0.999995 -0.003017 0.000521
-0.999604 0.000346 0.028120 6.444105
45 189
-0.026755 0.002618 0.999639 1.423935
0.000766 0.999996 -0.002598 0.003642
-0.999642 0.000696 -0.026757 6.506829
46 193
-0.060422 0.002895 0.998169 1.675634
0.000456 0.999996 -0.002873 0.000339
-0.998173 0.000282 -0.060424 6.562204
47 198
-0.067086 0.002563 0.997744 2.047946
-0.000000 0.999997 -0.002569 -0.001538
-0.997747 -0.000172 -0.067086 6.616029
48 203
-0.047962 0.003234 0.998844 2.467182
-0.000806 0.999994 -0.003276 -0.005194
-0.998849 -0.000963 -0.047959 6.653558
49 208
-0.013752 0.003246 0.999900 2.914997
-0.000694 0.999994 -0.003256 -0.001922
-0.999905 -0.000739 -0.013750 6.675342
50 213
0.026317 0.003001 0.999649 3.376145
-0.000169 0.999995 -0.002998 0.000859
-0.999654 -0.000090 0.026317 6.679846
51 218
0.058927 0.003268 0.998257 3.831952
0.000240 0.999995 -0.003287 0.000454
-0.998262 0.000433 0.058926 6.666976
52 223
0.077111 0.002983 0.997018 4.267396
0.000140 0.999995 -0.003003 -0.001993
-0.997022 0.000371 0.077110 6.636035
53 228
0.069757 0.003496 0.997558 4.666725
0.000268 0.999994 -0.003523 -0.004737
-0.997564 0.000513 0.069756 6.584507
54 235
-0.004014 0.003116 0.999987 5.128933
0.000459 0.999995 -0.003114 -0.010466
-0.999992 0.000447 -0.004015 6.476062
55 243
-0.206841 0.002592 0.978371 5.545684
0.001310 0.999996 -0.002372 -0.013368
-0.978374 0.000790 -0.206843 6.306369
56 251
-0.485108 0.002146 0.874452 5.890041
0.001680 0.999997 -0.001522 -0.014202
-0.874453 0.000731 -0.485110 6.082409
57 260
-0.777284 0.002551 0.629144 6.201901
0.002615 0.999996 -0.000824 -0.010025
-0.629144 0.001005 -0.777288 5.768928
58 271
-0.969635 0.003695 0.244529 6.490498
0.003849 0.999993 0.000155 -0.007048
-0.244527 0.001092 -0.969642 5.292246
59 278
-0.998703 0.002493 0.050845 6.627408
0.002550 0.999996 0.001064 -0.014783
-0.050843 0.001192 -0.998706 4.935694
60 284
-0.999082 0.002517 -0.042767 6.718104
0.002481 0.999997 0.000906 -0.010070
0.042769 0.000799 -0.999085 4.587484
61 289
-0.996887 0.002414 -0.078801 6.776931
0.002341 0.999997 0.001029 -0.012475
0.078804 0.000842 -0.996890 4.251972
62 293
-0.996490 0.002496 -0.083679 6.813348
0.002426 0.999997 0.000930 -0.009541
0.083681 0.000723 -0.996492 3.956374
63 298
-0.997371 0.001509 -0.072449 6.845278
0.001452 0.999999 0.000836 -0.009336
0.072450 0.000728 -0.997372 3.561928
66 312
-0.999761 0.001080 0.021813 6.860653
0.001107 0.999999 0.001216 -0.012835
-0.021812 0.001240 -0.999761 2.396312
67 316
-0.998925 0.001026 0.046344 6.845350
0.001076 0.999999 0.001051 -0.010150
-0.046343 0.001099 -0.998925 2.074579
70 330
-0.998689 0.000899 0.051173 6.733222
0.000970 0.999999 0.001357 -0.007825
-0.051172 0.001405 -0.998689 1.096822
71 337
-0.999306 0.001045 -0.037240 6.645434
0.001015 0.999999 0.000843 -0.010345
0.037240 0.000805 -0.999306 0.745282
74 359
-0.787870 0.001310 -0.615840 6.313639
0.000276 0.999998 0.001774 -0.004265
0.615841 0.001228 -0.787869 0.051607
76 374
-0.383791 0.001399 -0.923419 5.929250
-0.001162 0.999997 0.001998 -0.008141
0.923419 0.001840 -0.383788 -0.197453
77 382
-0.166935 0.001372 -0.985967 5.629514
-0.001243 0.999998 0.001601 -0.008365
0.985967 0.001493 -0.166933 -0.294031
78 386
-0.079466 0.001391 -0.996837 5.447778
-0.000745 0.999999 0.001454 -0.003061
0.996837 0.000858 -0.079465 -0.336980
79 391
0.002970 0.001295 -0.999995 5.189622
-0.000846 0.999999 0.001292 -0.001547
0.999995 0.000842 0.002971 -0.389265
80 395
0.047641 0.001081 -0.998864 4.933300
-0.001207 0.999999 0.001025 -0.007387
0.998864 0.001157 0.047643 -0.425220
81 399
0.081452 0.000971 -0.996677 4.621347
-0.000982 0.999999 0.000894 -0.001232
0.996677 0.000906 0.081453 -0.452404
82 403
0.103191 0.001180 -0.994661 4.263821
-0.000751 0.999999 0.001108 -0.005735
0.994661 0.000633 0.103192 -0.471630
83 407
0.117031 0.000830 -0.993128 3.870477
-0.001076 0.999999 0.000709 0.001889
0.993128 0.000986 0.117032 -0.484624
84 411
0.121235 0.000472 -0.992624 3.449592
-0.001680 0.999999 0.000271 -0.002917
0.992622 0.001635 0.121236 -0.489418
85 415
0.120356 0.001114 -0.992730 3.017949
-0.001267 0.999999 0.000968 0.001787
0.992730 0.001142 0.120357 -0.491023
86 421
0.105151 0.001325 -0.994455 2.358989
-0.001318 0.999998 0.001193 0.001784
0.994455 0.001186 0.105153 -0.486757
87 429
0.075195 0.001695 -0.997167 1.524359
-0.000540 0.999998 0.001659 0.002995
0.997169 0.000414 0.075196 -0.473967
88 437
0.040032 0.002244 -0.999196 0.821722
-0.001133 0.999997 0.002201 0.002852
0.999198 0.001044 0.040034 -0.452183
89 447
0.006340 0.002072 -0.999978 0.242037
0.000144 0.999998 0.002073 0.002136
0.999980 -0.000157 0.006339 -0.430804

0
0.000000 0.000000 0.000000 -nan
0.000000 0.000000 0.000000 -nan
-nan 0.000000 0.000000 -nan
1
0.000000 0.000000 0.000000 -nan
0.000000 0.000000 0.000000 -nan
-nan 0.000000 0.000000 -nan
2
0.000000 0.000000 0.000000 -nan
0.000000 0.000000 0.000000 -nan
-nan 0.000000 0.000000 -nan
3
0.000000 0.000000 0.000000 -nan
0.000000 0.000000 0.000000 -nan
-nan 0.000000 0.000000 -nan
4
0.000000 0.000000 0.000000 -nan
0.000000 0.000000 0.000000 -nan
-nan 0.000000 0.000000 -nan
5
0.999996 -0.001154 0.002418 0.030099
0.001145 0.999993 0.003618 -0.022832
-0.002422 -0.003615 0.999991 -0.004173
6
0.999985 -0.001317 0.005362 0.042044
0.001292 0.999988 0.004729 -0.035427
-0.005368 -0.004722 0.999974 -0.005383
7
0.999963 -0.000954 0.008569 0.060140
0.000923 0.999993 0.003567 -0.046552
-0.008572 -0.003559 0.999957 -0.006190
8
0.999947 -0.000361 0.010266 0.076833
0.000311 0.999988 0.004930 -0.063428
-0.010268 -0.004926 0.999935 -0.010275
9
0.999898 -0.000171 0.014284 0.092792
0.000097 0.999986 0.005230 -0.076506
-0.014285 -0.005228 0.999884 -0.011255
10
0.999809 0.001512 0.019508 0.112794
-0.001560 0.999996 0.002474 -0.090778
-0.019504 -0.002504 0.999807 -0.016904
11
0.999741 0.001739 0.022678 0.130092
-0.001820 0.999992 0.003521 -0.108451
-0.022672 -0.003562 0.999737 -0.019694
12
0.999648 0.001492 0.026472 0.145367
-0.001586 0.999992 0.003542 -0.119619
-0.026466 -0.003582 0.999643 -0.022042
13
0.999533 0.001228 0.030538 0.172270
-0.001294 0.999997 0.002132 -0.141137
-0.030535 -0.002170 0.999531 -0.028470
14
0.999369 0.001424 0.035500 0.187420
-0.001488 0.999997 0.001784 -0.158243
-0.035497 -0.001836 0.999368 -0.031575
15
0.999233 0.001312 0.039149 0.199025
-0.001388 0.999997 0.001901 -0.165868
-0.039146 -0.001954 0.999232 -0.034427
16
0.999074 0.000246 0.043035 0.220510
-0.000293 0.999999 0.001094 -0.189218
-0.043034 -0.001105 0.999073 -0.040477
17
0.998883 0.000697 0.047254 0.228411
-0.000747 0.999999 0.001049 -0.198722
-0.047253 -0.001083 0.998882 -0.043119
18
0.998798 0.000527 0.049005 0.230517
-0.000584 0.999999 0.001151 -0.201577
-0.049005 -0.001178 0.998798 -0.045502
19
0.998592 0.000379 0.053044 0.234726
-0.000398 1.000000 0.000350 -0.214420
-0.053044 -0.000371 0.998592 -0.049928
20
0.998394 0.000538 0.056654 0.228920
-0.000593 0.999999 0.000946 -0.216962
-0.056654 -0.000978 0.998393 -0.052341
21
0.998221 0.000556 0.059619 0.220382
-0.000621 0.999999 0.001068 -0.217406
-0.059619 -0.001103 0.998221 -0.054174
22
0.997850 0.000771 0.065536 0.204718
-0.000851 0.999999 0.001196 -0.221957
-0.065535 -0.001250 0.997849 -0.056827
23
0.997537 0.000358 0.070141 0.188471
-0.000405 1.000000 0.000645 -0.224284
-0.070140 -0.000672 0.997537 -0.059381
24
0.997312 0.000319 0.073274 0.168942
-0.000393 0.999999 0.000993 -0.225452
-0.073273 -0.001019 0.997311 -0.062621
25
0.996852 0.000091 0.079280 0.144812
-0.000146 1.000000 0.000690 -0.222985
-0.079280 -0.000699 0.996852 -0.063489
26
0.996630 0.000377 0.082032 0.122198
-0.000372 1.000000 -0.000071 -0.217315
-0.082032 0.000040 0.996630 -0.066628
27
0.996288 0.000417 0.086078 0.100346
-0.000432 1.000000 0.000158 -0.216208
-0.086078 -0.000194 0.996288 -0.068464
28
0.995926 0.000485 0.090170 0.078919
-0.000443 1.000000 -0.000481 -0.209770
-0.090170 0.000439 0.995926 -0.070385
29
0.995711 0.000225 0.092523 0.060346
-0.000184 1.000000 -0.000458 -0.202028
-0.092523 0.000439 0.995710 -0.073148
30
0.995313 0.000490 0.096702 0.043686
-0.000454 1.000000 -0.000397 -0.198334
-0.096702 0.000351 0.995313 -0.074755
31
0.995002 0.000310 0.099858 0.030138
-0.000246 1.000000 -0.000649 -0.187943
-0.099859 0.000621 0.995001 -0.076106
32
0.994868 0.000086 0.101177 0.023232
-0.000048 1.000000 -0.000385 -0.184460
-0.101177 0.000378 0.994868 -0.078541
33
0.994552 0.000065 0.104237 0.018250
-0.000037 1.000000 -0.000269 -0.176864
-0.104237 0.000264 0.994552 -0.079796
34
0.994411 0.000210 0.105580 0.018075
-0.000240 1.000000 0.000271 -0.165180
-0.105580 -0.000295 0.994411 -0.082263
35
0.994243 -0.000016 0.107144 0.016649
-0.000038 1.000000 0.000505 -0.156983
-0.107144 -0.000506 0.994243 -0.085960
36
0.993966 -0.000056 0.109691 0.018957
0.000007 1.000000 0.000450 -0.138135
-0.109691 -0.000447 0.993966 -0.089583
37
0.993850 -0.000097 0.110738 0.022090
0.000067 1.000000 0.000276 -0.120014
-0.110738 -0.000267 0.993850 -0.092997
38
0.993575 0.000329 0.113176 0.029000
-0.000355 1.000000 0.000210 -0.106419
-0.113176 -0.000249 0.993575 -0.095329
39
0.993359 0.000079 0.115060 0.039320
-0.000133 1.000000 0.000467 -0.082418
-0.115060 -0.000479 0.993358 -0.099515
40
0.993380 0.000801 0.114874 0.051099
-0.000853 1.000000 0.000409 -0.068211
-0.114874 -0.000504 0.993380 -0.100927
41
0.993189 0.000881 0.116513 0.071623
-0.000974 0.999999 0.000740 -0.049994
-0.116512 -0.000848 0.993189 -0.101615
42
0.993387 0.000649 0.114815 0.096273
-0.000646 1.000000 -0.000069 -0.030832
-0.114815 -0.000005 0.993387 -0.103658
43
0.993601 0.001108 0.112943 0.122728
-0.001101 0.999999 -0.000123 -0.018190
-0.112943 -0.000002 0.993601 -0.102245
44
0.993862 0.000683 0.110626 0.159201
-0.000672 1.000000 -0.000132 -0.002893
-0.110626 0.000057 0.993862 -0.100720
45
0.994462 0.000500 0.105093 0.202672
-0.000476 1.000000 -0.000249 0.008254
-0.105093 0.000197 0.994462 -0.096417
46
0.994862 0.000449 0.101240 0.252664
-0.000421 1.000000 -0.000294 0.010186
-0.101240 0.000249 0.994862 -0.091473
47
0.995504 0.000300 0.094715 0.311929
-0.000257 1.000000 -0.000465 0.019835
-0.094715 0.000439 0.995504 -0.086941
48
0.996243 0.000492 0.086606 0.379946
-0.000502 1.000000 0.000089 0.019167
-0.086606 -0.000132 0.996243 -0.083553
49
0.996680 0.000536 0.081413 0.452518
-0.000532 1.000000 -0.000067 0.020997
-0.081413 0.000023 0.996680 -0.080817
50
0.997484 -0.000032 0.070887 0.530647
0.000036 1.000000 -0.000051 0.025328
-0.070887 0.000053 0.997484 -0.080226
51
0.998103 0.000038 0.061566 0.614310
-0.000072 1.000000 0.000551 0.020585
-0.061566 -0.000554 0.998103 -0.079152
52
0.998556 0.000598 0.053720 0.699470
-0.000624 1.000000 0.000459 0.023566
-0.053720 -0.000492 0.998556 -0.078622
53
0.999091 0.000237 0.042636 0.786108
-0.000269 1.000000 0.000745 0.024217
-0.042635 -0.000756 0.999090 -0.076894
54
0.999418 -0.000021 0.034122 0.873021
-0.000023 0.999999 0.001280 0.018604
-0.034122 -0.001280 0.999417 -0.074794
55
0.999725 0.001109 0.023433 0.960779
-0.001119 0.999999 0.000422 0.023091
-0.023433 -0.000448 0.999725 -0.067990
56
0.999925 0.000831 0.012181 1.045560
-0.000841 0.999999 0.000838 0.017163
-0.012180 -0.000848 0.999925 -0.062628
57
0.999992 0.000595 0.004019 1.127937
-0.000597 1.000000 0.000505 0.013780
-0.004019 -0.000508 0.999992 -0.054491
58
0.999976 0.000705 -0.006886 1.209436
-0.000702 1.000000 0.000355 0.013677
0.006887 -0.000351 0.999976 -0.043515
59
0.999873 0.000979 -0.015922 1.282311
-0.000967 0.999999 0.000781 0.007035
0.015923 -0.000766 0.999873 -0.030507
60
0.999713 0.000758 -0.023930 1.349715
-0.000740 0.999999 0.000743 0.006452
0.023931 -0.000725 0.999713 -0.014365
61
0.999448 0.000672 -0.033213 1.419733
-0.000661 1.000000 0.000351 0.007435
0.033213 -0.000329 0.999448 0.006969
62
0.999244 0.001308 -0.038854 1.471793
-0.001297 0.999999 0.000318 0.002847
0.038854 -0.000268 0.999245 0.030863
63
0.999011 0.001224 -0.044441 1.514379
-0.001205 0.999999 0.000448 0.006059
0.044441 -0.000394 0.999012 0.059743
64
0.998741 0.001743 -0.050140 1.540814
-0.001728 0.999998 0.000330 0.002359
0.050141 -0.000242 0.998742 0.093342
65
0.998618 0.001339 -0.052542 1.564631
-0.001335 0.999999 0.000120 0.000771
0.052542 -0.000050 0.998619 0.128176
66
0.998336 0.001321 -0.057649 1.586414
-0.001308 0.999999 0.000261 0.003943
0.057649 -0.000185 0.998337 0.164786
67
0.998054 0.001596 -0.062341 1.600222
-0.001596 0.999999 0.000047 -0.001327
0.062341 0.000053 0.998055 0.200275
68
0.997840 0.001869 -0.065666 1.619392
-0.001844 0.999998 0.000446 0.001087
0.065667 -0.000324 0.997842 0.235738
69
0.997488 0.001476 -0.070825 1.638009
-0.001435 0.999999 0.000629 0.004122
0.070826 -0.000525 0.997489 0.273848
70
0.997327 0.001644 -0.073054 1.655369
-0.001624 0.999999 0.000338 -0.000829
0.073055 -0.000219 0.997328 0.312735
71
0.997044 0.001259 -0.076819 1.667322
-0.001268 0.999999 -0.000065 0.003097
0.076819 0.000162 0.997045 0.349367
72
0.996709 0.001660 -0.081041 1.680410
-0.001644 0.999999 0.000269 0.000617
0.081042 -0.000135 0.996711 0.388952
73
0.996566 0.001682 -0.082789 1.692532
-0.001667 0.999999 0.000242 -0.000595
0.082789 -0.000103 0.996567 0.427796
74
0.996184 0.001707 -0.087261 1.704377
-0.001690 0.999999 0.000277 0.002043
0.087262 -0.000128 0.996185 0.469409
75
0.995880 0.001775 -0.090664 1.713706
-0.001782 0.999998 0.000003 -0.001491
0.090664 0.000158 0.995882 0.510477
76
0.995591 0.001943 -0.093781 1.724117
-0.001889 0.999998 0.000655 0.000835
0.093782 -0.000475 0.995593 0.553839
77
0.995189 0.001552 -0.097958 1.731222
-0.001510 0.999999 0.000494 0.002125
0.097959 -0.000344 0.995190 0.596681
78
0.995068 0.001488 -0.099185 1.736291
-0.001406 0.999999 0.000898 -0.000650
0.099186 -0.000754 0.995069 0.640051
79
0.994708 0.001933 -0.102723 1.738198
-0.001928 0.999998 0.000143 0.002616
0.102723 0.000055 0.994710 0.686536
80
0.994341 0.001955 -0.106218 1.741683
-0.001898 0.999998 0.000638 -0.000118
0.106219 -0.000433 0.994343 0.731704
81
0.994293 0.001930 -0.106662 1.742714
-0.001886 0.999998 0.000511 -0.000931
0.106663 -0.000306 0.994295 0.777455
82
0.993922 0.002186 -0.110066 1.743802
-0.002151 0.999998 0.000441 0.002292
0.110066 -0.000202 0.993924 0.824017
83
0.993640 0.001379 -0.112592 1.741027
-0.001334 0.999999 0.000480 -0.002215
0.112593 -0.000327 0.993641 0.871785
84
0.993475 0.001936 -0.114032 1.739758
-0.001863 0.999998 0.000744 0.001387
0.114033 -0.000527 0.993477 0.922537
85
0.993067 0.001831 -0.117532 1.734775
-0.001775 0.999998 0.000583 0.003223
0.117533 -0.000370 0.993069 0.972229
86
0.993046 0.001509 -0.117720 1.729474
-0.001469 0.999999 0.000430 -0.001065
0.117720 -0.000254 0.993047 1.023046
87
0.992953 0.001932 -0.118496 1.723831
-0.001903 0.999998 0.000359 0.003146
0.118496 -0.000131 0.992954 1.077209
88
0.992587 0.001638 -0.121523 1.713626
-0.001619 0.999999 0.000256 -0.000209
0.121523 -0.000058 0.992589 1.126630
89
0.992681 0.001959 -0.120754 1.703280
-0.001886 0.999998 0.000715 0.000198
0.120755 -0.000482 0.992682 1.181593
90
0.992379 0.001585 -0.123212 1.692866
-0.001523 0.999999 0.000600 0.003475
0.123212 -0.000408 0.992380 1.236562
91
0.992298 0.001170 -0.123866 1.681591
-0.001184 0.999999 -0.000046 -0.000935
0.123865 0.000192 0.992299 1.294974
92
0.992246 0.001086 -0.124284 1.665858
-0.001062 0.999999 0.000257 0.001352
0.124284 -0.000123 0.992247 1.352614
93
0.992007 0.001525 -0.126174 1.651826
-0.001537 0.999999 0.000004 0.003670
0.126174 0.000190 0.992008 1.411654
94
0.992209 0.001230 -0.124580 1.636231
-0.001209 0.999999 0.000246 -0.000982
0.124580 -0.000093 0.992210 1.473144
95
0.992164 0.001355 -0.124937 1.619908
-0.001373 0.999999 -0.000061 0.003900
0.124937 0.000232 0.992165 1.536873
96
0.992083 0.001244 -0.125581 1.595201
-0.001173 0.999999 0.000640 0.001617
0.125581 -0.000487 0.992083 1.598035
97
0.992303 0.001090 -0.123825 1.577050
-0.001026 0.999999 0.000578 0.001207
0.123825 -0.000447 0.992304 1.664374
98
0.992195 0.001589 -0.124687 1.556315
-0.001527 0.999999 0.000591 0.004552
0.124688 -0.000396 0.992196 1.730170
99
0.992291 0.001347 -0.123920 1.534142
-0.001310 0.999999 0.000384 -0.000253
0.123920 -0.000219 0.992292 1.799580
100
0.992448 0.001696 -0.122657 1.505997
-0.001641 0.999999 0.000546 0.003259
0.122658 -0.000340 0.992449 1.864866
101
0.992264 0.001615 -0.124132 1.476121
-0.001592 0.999999 0.000284 0.005585
0.124133 -0.000084 0.992266 1.940712
102
0.992426 0.000908 -0.122842 1.441828
-0.000863 1.000000 0.000419 -0.000137
0.122842 -0.000309 0.992426 2.021158
103
0.992382 0.001229 -0.123196 1.403088
-0.001193 0.999999 0.000370 0.004852
0.123196 -0.000221 0.992382 2.106325
104
0.992088 0.001420 -0.125536 1.359072
-0.001375 0.999999 0.000446 0.001225
0.125536 -0.000270 0.992089 2.195195
105
0.992152 0.001126 -0.125032 1.312151
-0.001116 0.999999 0.000153 0.000743
0.125032 -0.000013 0.992153 2.290047
106
0.991838 0.001299 -0.127501 1.262413
-0.001253 0.999999 0.000440 0.005357
0.127502 -0.000277 0.991838 2.384682
107
0.991573 0.001339 -0.129539 1.207416
-0.001334 0.999999 0.000127 -0.000356
0.129539 0.000047 0.991574 2.484275
108
0.991530 0.000919 -0.129871 1.150415
-0.000890 1.000000 0.000281 0.003806
0.129872 -0.000163 0.991531 2.588072
109
0.991129 0.001529 -0.132893 1.090673
-0.001483 0.999999 0.000452 0.006476
0.132893 -0.000251 0.991130 2.691366
110
0.991130 0.001708 -0.132889 1.029577
-0.001711 0.999999 0.000097 0.001911
0.132889 0.000131 0.991131 2.797883
111
0.991063 0.001172 -0.133390 0.966785
-0.001153 0.999999 0.000215 0.006064
0.133390 -0.000059 0.991064 2.903183
112
0.990738 0.001101 -0.135786 0.903734
-0.001143 0.999999 -0.000235 0.002195
0.135786 0.000388 0.990738 3.015939
113
0.990946 0.000996 -0.134258 0.838359
-0.001006 0.999999 -0.000007 0.001631
0.134258 0.000142 0.990946 3.123942
114
0.990743 0.001310 -0.135742 0.775869
-0.001376 0.999999 -0.000394 0.005632
0.135741 0.000577 0.990744 3.233783
115
0.990764 0.001506 -0.135591 0.710228
-0.001633 0.999998 -0.000831 -0.000145
0.135590 0.001045 0.990765 3.342048
116
0.991019 0.001294 -0.133712 0.646885
-0.001385 0.999999 -0.000583 0.005302
0.133711 0.000763 0.991020 3.451534
117
0.991040 0.001054 -0.133565 0.583572
-0.001118 0.999999 -0.000403 0.006759
0.133564 0.000548 0.991040 3.558606
118
0.991450 0.001788 -0.130478 0.522023
-0.001909 0.999998 -0.000803 0.000954
0.130477 0.001045 0.991451 3.670027
119
0.991836 0.001335 -0.127512 0.460165
-0.001454 0.999999 -0.000840 0.007879
0.127510 0.001019 0.991837 3.775012
120
0.992167 0.001864 -0.124901 0.403235
-0.001945 0.999998 -0.000526 0.003977
0.124899 0.000765 0.992169 3.878613
121
0.992999 0.001607 -0.118113 0.346868
-0.001654 0.999999 -0.000295 0.003714
0.118112 0.000488 0.993000 3.979885
122
0.993440 0.001604 -0.114341 0.295431
-0.001650 0.999999 -0.000304 0.008258
0.114340 0.000490 0.993442 4.077860
123
0.994123 0.002099 -0.108240 0.243485
-0.002109 0.999998 0.000016 0.000747
0.108239 0.000213 0.994125 4.178686
124
0.995014 0.001821 -0.099717 0.197232
-0.001849 0.999998 -0.000185 0.005100
0.099716 0.000368 0.995016 4.271015
125
0.995735 0.001397 -0.092248 0.155072
-0.001439 0.999999 -0.000383 0.008212
0.092247 0.000514 0.995736 4.359506
126
0.996745 0.001363 -0.080604 0.114602
-0.001360 0.999999 0.000091 0.000878
0.080604 0.000019 0.996746 4.443685
127
0.997636 0.001557 -0.068702 0.080875
-0.001541 0.999999 0.000282 0.007650
0.068702 -0.000176 0.997637 4.522158
128
0.998368 0.001577 -0.057083 0.054204
-0.001563 0.999999 0.000291 0.003815
0.057084 -0.000201 0.998369 4.597735
129
0.999172 0.001895 -0.040640 0.032337
-0.001891 0.999998 0.000129 0.002889
0.040640 -0.000053 0.999174 4.667541
130
0.999666 0.002212 -0.025768 0.018122
-0.002203 0.999997 0.000389 0.007176
0.025768 -0.000333 0.999668 4.731012
131
0.999961 0.001887 -0.008621 0.006708
-0.001889 0.999998 -0.000111 0.000631
0.008620 0.000127 0.999963 4.789568
132
0.999934 0.001964 0.011364 0.003986
-0.001962 0.999998 -0.000195 0.004213
-0.011364 0.000173 0.999935 4.844388
133
0.999544 0.002203 0.030130 0.004118
-0.002185 0.999997 -0.000635 0.005951
-0.030131 0.000569 0.999546 4.896044
134
0.998585 0.002567 0.053119 0.003573
-0.002562 0.999997 -0.000163 0.000925
-0.053120 0.000027 0.998588 4.946029
135
0.997141 0.001399 0.075545 0.003891
-0.001399 0.999999 -0.000052 0.006563
-0.075545 -0.000054 0.997142 4.995333
136
0.995187 0.001468 0.097983 0.003795
-0.001436 0.999999 -0.000396 0.002060
-0.097984 0.000253 0.995188 5.048924
137
0.992229 0.001758 0.124416 0.003470
-0.001677 0.999998 -0.000753 0.000730
-0.124417 0.000538 0.992230 5.096709
138
0.988920 0.001938 0.148436 0.007885
-0.001811 0.999998 -0.000990 0.004443
-0.148437 0.000710 0.988922 5.141388
139
0.984745 0.002090 0.173989 0.011020
-0.001978 0.999998 -0.000815 -0.001019
-0.173990 0.000459 0.984747 5.188634
140
0.979530 0.001692 0.201291 0.016293
-0.001606 0.999999 -0.000593 0.003577
-0.201292 0.000258 0.979531 5.233295
141
0.973917 0.001828 0.226899 0.022925
-0.001735 0.999998 -0.000606 0.006445
-0.226899 0.000197 0.973918 5.277569
142
0.966663 0.002082 0.256044 0.030096
-0.001977 0.999998 -0.000668 0.000657
-0.256045 0.000140 0.966665 5.317816
143
0.958539 0.001833 0.284956 0.037943
-0.001791 0.999998 -0.000408 0.007035
-0.284957 -0.000119 0.958540 5.358091
144
0.950033 0.002157 0.312142 0.047563
-0.002223 0.999998 -0.000145 0.001287
-0.312142 -0.000556 0.950035 5.398550
145
0.939343 0.001935 0.342975 0.057640
-0.001905 0.999998 -0.000424 0.001049
-0.342975 -0.000255 0.939345 5.436140
146
0.928855 0.002171 0.370437 0.068508
-0.002247 0.999997 -0.000225 0.005729
-0.370436 -0.000624 0.928858 5.475493
147
0.916868 0.002521 0.399183 0.078721
-0.002354 0.999997 -0.000908 -0.000201
-0.399184 -0.000108 0.916871 5.513844
148
0.903189 0.002169 0.429238 0.090670
-0.001852 0.999998 -0.001156 0.003614
-0.429239 0.000249 0.903191 5.549869
149
0.889721 0.001958 0.456501 0.104293
-0.001709 0.999998 -0.000959 0.004873
-0.456502 0.000073 0.889723 5.585411
150
0.873659 0.002167 0.486534 0.117949
-0.001890 0.999998 -0.001060 -0.000319
-0.486535 0.000007 0.873661 5.619293
151
0.856612 0.001941 0.515957 0.136546
-0.001546 0.999998 -0.001196 0.006088
-0.515958 0.000227 0.856614 5.654543
152
0.839737 0.002485 0.542987 0.151401
-0.002069 0.999997 -0.001376 0.001999
-0.542989 0.000032 0.839740 5.687572
153
0.820152 0.002436 0.572140 0.169887
-0.001678 0.999997 -0.001853 0.000520
-0.572143 0.000560 0.820154 5.721105
154
0.801291 0.002106 0.598271 0.188539
-0.001338 0.999998 -0.001728 0.005581
-0.598274 0.000584 0.801292 5.751515
155
0.780564 0.002315 0.625071 0.206449
-0.001920 0.999997 -0.001306 -0.000524
-0.625073 -0.000180 0.780566 5.780834
156
0.758656 0.002464 0.651487 0.227399
-0.001803 0.999997 -0.001682 0.003094
-0.651489 0.000102 0.758658 5.812210
157
0.737016 0.001751 0.675873 0.247837
-0.001354 0.999998 -0.001114 0.005942
-0.675874 -0.000094 0.737018 5.840301
158
0.712594 0.002382 0.701573 0.269179
-0.001667 0.999997 -0.001702 -0.000086
-0.701575 0.000043 0.712596 5.869645
159
0.688087 0.002347 0.725624 0.293158
-0.001647 0.999997 -0.001672 0.005351
-0.725626 -0.000045 0.688089 5.896469
160
0.663707 0.002379 0.747989 0.316801
-0.001764 0.999997 -0.001616 0.001719
-0.747990 -0.000247 0.663710 5.923894
161
0.636832 0.002633 0.770998 0.342827
-0.001598 0.999997 -0.002096 0.001471
-0.771001 0.000103 0.636834 5.951821
162
0.611418 0.002300 0.791304 0.367490
-0.001430 0.999997 -0.001801 0.005779
-0.791307 -0.000031 0.611420 5.978210
163
0.584368 0.002277 0.811485 0.393651
-0.001212 0.999997 -0.001932 -0.001012
-0.811488 0.000146 0.584370 6.004517
164
0.556830 0.002217 0.830624 0.420738
-0.001377 0.999998 -0.001746 0.002737
-0.830626 -0.000172 0.556831 6.027963
165
0.530945 0.002168 0.847404 0.449900
-0.001273 0.999998 -0.001760 0.005198
-0.847406 -0.000144 0.530946 6.051422
166
0.502124 0.002551 0.864792 0.479170
-0.001478 0.999997 -0.002092 0.000578
-0.864795 -0.000228 0.502126 6.073988
167
0.473808 0.002117 0.880625 0.510408
-0.000755 0.999998 -0.001998 0.006885
-0.880628 0.000281 0.473809 6.097161
168
0.446757 0.002146 0.894653 0.540243
-0.001295 0.999998 -0.001752 0.000475
-0.894654 -0.000376 0.446759 6.118860
169
0.416918 0.001947 0.908942 0.571850
-0.000860 0.999998 -0.001747 0.001022
-0.908944 -0.000054 0.416919 6.139935
170
0.389482 0.002752 0.921030 0.606520
-0.000559 0.999996 -0.002752 0.005629
-0.921034 0.000557 0.389482 6.167882
171
0.361687 0.002787 0.932295 0.641298
-0.001214 0.999996 -0.002518 -0.000389
-0.932299 -0.000221 0.361689 6.189598
172
0.333389 0.002713 0.942785 0.675799
-0.000996 0.999996 -0.002525 0.003157
-0.942789 -0.000098 0.333391 6.209149
173
0.307269 0.002518 0.951619 0.712223
-0.000753 0.999997 -0.002403 0.006048
-0.951622 0.000021 0.307270 6.228557
174
0.278889 0.002894 0.960319 0.748028
-0.000843 0.999996 -0.002769 -0.000372
-0.960323 -0.000038 0.278890 6.248256
175
0.252021 0.002604 0.967718 0.787001
-0.000706 0.999997 -0.002507 0.004670
-0.967722 -0.000051 0.252022 6.269032
176
0.227279 0.002768 0.973826 0.825236
-0.000444 0.999996 -0.002739 0.000944
-0.973829 0.000190 0.227280 6.287391
177
0.200063 0.003157 0.979778 0.863659
-0.000458 0.999995 -0.003128 0.000311
-0.979783 0.000177 0.200063 6.306449
178
0.176459 0.002651 0.984304 0.907449
-0.000457 0.999996 -0.002612 0.004178
-0.984308 0.000011 0.176459 6.324375
179
0.152798 0.002681 0.988254 0.946851
-0.000509 0.999996 -0.002634 -0.002501
-0.988257 -0.000101 0.152799 6.341829
180
0.129190 0.002770 0.991616 0.989457
-0.000327 0.999996 -0.002751 0.001449
-0.991620 0.000032 0.129191 6.360406
181
0.108868 0.002468 0.994053 1.033244
0.000066 0.999997 -0.002490 0.004251
-0.994056 0.000336 0.108868 6.377724
182
0.086068 0.002882 0.996285 1.076896
-0.000338 0.999996 -0.002864 -0.002240
-0.996289 -0.000090 0.086068 6.394271
183
0.066027 0.002578 0.997815 1.124013
0.000177 0.999997 -0.002595 0.004562
-0.997818 0.000347 0.066026 6.413154
184
0.048333 0.002973 0.998827 1.169176
-0.000023 0.999996 -0.002975 0.000123
-0.998831 0.000121 0.048332 6.427161
185
0.028501 0.002698 0.999590 1.216601
0.000182 0.999996 -0.002704 -0.000337
-0.999594 0.000259 0.028500 6.443859
186
0.013514 0.002672 0.999905 1.265169
0.000411 0.999996 -0.002678 0.002766
-0.999909 0.000447 0.013513 6.459847
187
-0.001963 0.002777 0.999994 1.314083
0.000140 0.999996 -0.002777 -0.002475
-0.999998 0.000134 -0.001964 6.476299
188
-0.016088 0.002311 0.999868 1.365165
0.000111 0.999997 -0.002310 0.002001
-0.999871 0.000074 -0.016089 6.489110
189
-0.026789 0.002480 0.999638 1.421306
0.000635 0.999997 -0.002464 0.003685
-0.999641 0.000569 -0.026790 6.506542
190
-0.038181 0.002201 0.999268 1.480505
0.000802 0.999997 -0.002172 -0.001766
-0.999271 0.000719 -0.038182 6.521007
191
-0.046846 0.001853 0.998900 1.540225
0.000271 0.999998 -0.001842 0.003171
-0.998902 0.000184 -0.046846 6.535626
192
-0.053018 0.002456 0.998591 1.603240
0.000809 0.999997 -0.002417 -0.000843
-0.998593 0.000680 -0.053020 6.547715
193
-0.059925 0.002346 0.998200 1.669190
0.000406 0.999997 -0.002326 -0.000212
-0.998203 0.000266 -0.059925 6.561541
194
-0.062818 0.002433 0.998022 1.737536
0.000874 0.999997 -0.002383 0.002969
-0.998025 0.000723 -0.062820 6.574177
195
-0.065511 0.002337 0.997849 1.809474
0.000520 0.999997 -0.002308 -0.002017
-0.997852 0.000368 -0.065512 6.585951
196
-0.067095 0.001989 0.997745 1.883014
0.000832 0.999998 -0.001938 0.000228
-0.997746 0.000700 -0.067097 6.595864
197
-0.065230 0.002197 0.997868 1.960007
0.000747 0.999997 -0.002153 0.002149
-0.997870 0.000605 -0.065231 6.606174
198
-0.065466 0.002060 0.997853 2.041234
-0.000069 0.999998 -0.002069 -0.001314
-0.997855 -0.000205 -0.065466 6.614957
199
-0.063719 0.002515 0.997965 2.121227
0.000643 0.999997 -0.002479 0.003204
-0.997968 0.000484 -0.063721 6.624406
200
-0.059483 0.002985 0.998225 2.204108
-0.000183 0.999995 -0.003001 -0.002398
-0.998229 -0.000361 -0.059482 6.632038
201
-0.057827 0.002827 0.998323 2.287949
-0.000098 0.999996 -0.002837 -0.001831
-0.998327 -0.000262 -0.057827 6.639194
202
-0.051090 0.002839 0.998690 2.372261
0.000261 0.999996 -0.002830 0.002606
-0.998694 0.000116 -0.051091 6.648026
203
-0.047167 0.002882 0.998883 2.465020
-0.000725 0.999995 -0.002920 -0.005959
-0.998887 -0.000862 -0.047165 6.650736
204
-0.040932 0.003358 0.999156 2.554187
-0.000020 0.999994 -0.003362 -0.002350
-0.999162 -0.000158 -0.040932 6.656695
205
-0.033412 0.002472 0.999439 2.643392
0.000026 0.999997 -0.002473 0.001869
-0.999442 -0.000057 -0.033412 6.662049
206
-0.027979 0.002018 0.999606 2.729529
-0.000031 0.999998 -0.002020 -0.003050
-0.999609 -0.000088 -0.027979 6.667469
207
-0.020635 0.002968 0.999783 2.821666
0.000379 0.999996 -0.002961 0.001132
-0.999787 0.000318 -0.020636 6.671515
208
-0.012934 0.002796 0.999912 2.917670
-0.000756 0.999996 -0.002806 -0.000930
-0.999916 -0.000792 -0.012932 6.675351
209
-0.006967 0.002626 0.999972 3.008917
-0.000069 0.999997 -0.002627 -0.002443
-0.999976 -0.000088 -0.006967 6.677830
210
0.002148 0.002772 0.999994 3.100871
-0.000145 0.999996 -0.002771 0.001126
-0.999998 -0.000139 0.002149 6.679857
211
0.010066 0.002648 0.999946 3.194071
-0.000973 0.999996 -0.002638 -0.004808
-0.999949 -0.000946 0.010069 6.679825
212
0.017444 0.002769 0.999844 3.287472
0.000588 0.999996 -0.002780 0.000018
-0.999848 0.000636 0.017442 6.680057
213
0.026682 0.001996 0.999642 3.378255
0.000012 0.999998 -0.001997 0.004677
-0.999644 0.000066 0.026682 6.679292
214
0.032570 0.002210 0.999467 3.470739
-0.000226 0.999998 -0.002204 -0.002797
-0.999469 -0.000155 0.032570 6.677067
215
0.039025 0.002876 0.999234 3.558191
-0.000009 0.999996 -0.002878 0.003039
-0.999238 0.000103 0.039025 6.676213
216
0.047802 0.002091 0.998855 3.651558
-0.000279 0.999998 -0.002080 -0.000462
-0.998857 -0.000180 0.047803 6.672835
217
0.052439 0.002801 0.998620 3.742802
-0.001469 0.999995 -0.002727 -0.001143
-0.998623 -0.001324 0.052443 6.667912
218
0.058956 0.003586 0.998254 3.835582
-0.000471 0.999994 -0.003565 -0.000857
-0.998260 -0.000260 0.058958 6.665965
219
0.064303 0.003149 0.997925 3.924211
-0.000613 0.999995 -0.003116 -0.006695
-0.997930 -0.000412 0.064305 6.660035
220
0.068555 0.003226 0.997642 4.012866
-0.000512 0.999995 -0.003198 -0.002566
-0.997647 -0.000292 0.068557 6.652899
221
0.073461 0.003510 0.997292 4.098023
-0.000019 0.999994 -0.003518 0.001924
-0.997298 0.000240 0.073461 6.647864
222
0.074608 0.003676 0.997206 4.187724
-0.000407 0.999993 -0.003656 -0.006675
-0.997213 -0.000134 0.074609 6.642608
223
0.076460 0.003960 0.997065 4.270897
0.000570 0.999992 -0.004016 -0.003747
-0.997072 0.000875 0.076457 6.636649
224
0.078909 0.003688 0.996875 4.354777
-0.000466 0.999993 -0.003663 -0.007322
-0.996882 -0.000175 0.078910 6.626782
225
0.077029 0.003104 0.997024 4.434144
-0.000103 0.999995 -0.003105 -0.007995
-0.997029 0.000136 0.077029 6.617129
226
0.076227 0.004148 0.997082 4.514978
0.000653 0.999991 -0.004210 -0.003783
-0.997090 0.000972 0.076223 6.609481
227
0.074651 0.004054 0.997201 4.593613
0.000583 0.999991 -0.004109 -0.007892
-0.997210 0.000889 0.074648 6.597761
228
0.069221 0.004202 0.997593 4.667883
0.000627 0.999991 -0.004255 -0.005884
-0.997601 0.000920 0.069217 6.586411
229
0.065086 0.003610 0.997873 4.741385
0.000502 0.999993 -0.003650 -0.004231
-0.997880 0.000739 0.065084 6.574510
230
0.057399 0.003928 0.998344 4.813017
0.000268 0.999992 -0.003949 -0.009194
-0.998351 0.000495 0.057398 6.560752
231
0.048981 0.004350 0.998790 4.881252
0.000584 0.999990 -0.004384 -0.003131
-0.998800 0.000798 0.048978 6.546328
232
0.040795 0.003840 0.999160 4.946423
0.000220 0.999993 -0.003852 -0.008014
-0.999168 0.000376 0.040793 6.532457
233
0.026611 0.003300 0.999640 5.007607
0.000251 0.999994 -0.003308 -0.007550
-0.999646 0.000339 0.026610 6.516306
234
0.013945 0.003291 0.999897 5.068394
0.000139 0.999995 -0.003293 -0.004758
-0.999903 0.000184 0.013944 6.497708
235
-0.002853 0.003050 0.999991 5.124202
0.000444 0.999995 -0.003049 -0.010110
-0.999996 0.000435 -0.002855 6.481012
236
-0.022031 0.002276 0.999755 5.180649
0.000415 0.999997 -0.002267 -0.006412
-0.999757 0.000365 -0.022032 6.461292
237
-0.041264 0.003021 0.999144 5.234785
0.000550 0.999995 -0.003001 -0.003622
-0.999148 0.000426 -0.041265 6.443601
238
-0.065623 0.002657 0.997841 5.290170
0.000377 0.999996 -0.002638 -0.008753
-0.997844 0.000203 -0.065624 6.421298
239
-0.090338 0.002323 0.995908 5.341789
0.000609 0.999997 -0.002278 -0.002281
-0.995911 0.000400 -0.090340 6.399167
240
-0.115383 0.002093 0.993319 5.394151
0.000756 0.999998 -0.002019 -0.008423
-0.993321 0.000518 -0.115385 6.376894
241
-0.146216 0.002571 0.989249 5.444941
0.000486 0.999997 -0.002527 -0.007243
-0.989253 0.000111 -0.146216 6.355295
242
-0.175057 0.001946 0.984556 5.491224
0.000711 0.999998 -0.001850 -0.003367
-0.984558 0.000376 -0.175058 6.332196
243
-0.205803 0.001194 0.978593 5.539814
0.001132 0.999999 -0.000982 -0.012162
-0.978593 0.000905 -0.205804 6.311585
244
-0.238632 0.001665 0.971109 5.586997
0.001904 0.999997 -0.001247 -0.006425
-0.971108 0.001552 -0.238634 6.283989
245
-0.270561 0.001825 0.962701 5.631480
0.001587 0.999998 -0.001449 -0.005054
-0.962701 0.001136 -0.270563 6.258290
246
-0.306548 0.001389 0.951854 5.674478
0.001950 0.999998 -0.000832 -0.010945
-0.951853 0.001602 -0.306550 6.232459
247
-0.342064 0.001843 0.939675 5.722223
0.001898 0.999997 -0.001270 -0.004071
-0.939675 0.001349 -0.342067 6.205139
248
-0.376032 0.001432 0.926606 5.763407
0.001679 0.999998 -0.000864 -0.010176
-0.926605 0.001231 -0.376033 6.175161
249
-0.413577 0.001736 0.910467 5.805523
0.001795 0.999998 -0.001092 -0.009809
-0.910467 0.001183 -0.413579 6.146942
250
-0.448011 0.001647 0.894027 5.846312
0.001748 0.999998 -0.000966 -0.005297
-0.894027 0.001130 -0.448012 6.116559
251
-0.484044 0.001185 0.875043 5.884911
0.001751 0.999998 -0.000385 -0.012386
-0.875042 0.001346 -0.484046 6.086364
252
-0.520882 0.001619 0.853627 5.923958
0.001795 0.999998 -0.000801 -0.008509
-0.853627 0.001115 -0.520884 6.054706
253
-0.554713 0.001314 0.832041 5.961220
0.002162 0.999998 -0.000138 -0.006672
-0.832039 0.001722 -0.554714 6.022471
254
-0.590607 0.001814 0.806958 5.998868
0.002285 0.999997 -0.000576 -0.013085
-0.806956 0.001503 -0.590609 5.988736
255
-0.624417 0.001833 0.781089 6.034820
0.002625 0.999997 -0.000248 -0.006276
-0.781087 0.001896 -0.624420 5.955746
256
-0.656720 0.001607 0.754133 6.068640
0.002350 0.999997 -0.000085 -0.011595
-0.754131 0.001716 -0.656722 5.921451
257
-0.690035 0.001602 0.723774 6.101528
0.002763 0.999996 0.000421 -0.011817
-0.723771 0.002291 -0.690037 5.885569
258
-0.719436 0.001327 0.694558 6.136484
0.002128 0.999998 0.000294 -0.008126
-0.694556 0.001690 -0.719437 5.849125
259
-0.748869 0.001738 0.662716 6.168528
0.002438 0.999997 0.000132 -0.014591
-0.662714 0.001715 -0.748871 5.810531
260
-0.776808 0.001665 0.629736 6.197858
0.002614 0.999996 0.000580 -0.007676
-0.629733 0.002097 -0.776809 5.772361
261
-0.801878 0.001745 0.597485 6.228229
0.002500 0.999997 0.000435 -0.005694
-0.597482 0.001842 -0.801880 5.733771
262
-0.827373 0.001898 0.561650 6.258100
0.002400 0.999997 0.000157 -0.012341
-0.561648 0.001478 -0.827375 5.693433
263
-0.850243 0.001413 0.526388 6.287116
0.002157 0.999997 0.000799 -0.006961
-0.526385 0.001815 -0.850244 5.653701
264
-0.870475 0.001838 0.492210 6.318333
0.001858 0.999998 -0.000447 -0.012288
-0.492210 0.000525 -0.870476 5.610126
265
-0.890604 0.002118 0.454775 6.342857
0.002539 0.999997 0.000315 -0.010858
