63
720
6473

64 427
0.959552 0.037529 0.279020 -5.388832
-0.002869 0.992328 -0.123603 0.189402
-0.281518 0.117803 0.952297 5.426848
0 0
1.000000 0.000000 0.000000 -0.000000
0.000000 1.000000 0.000000 -0.000000
0.000000 0.000000 1.000000 -0.000000
65 437
0.886717 0.041664 0.460432 -5.217408
0.014605 0.992909 -0.117974 0.167334
-0.462082 0.111334 0.879821 5.595070
1 2
0.999990 -0.004542 -0.000522 0.001893
0.004532 0.999837 -0.017491 0.000987
0.000602 0.017489 0.999847 0.043496
74 540
-0.001771 0.134942 0.990852 -2.606450
0.095732 0.986325 -0.134155 0.010236
-0.995406 0.094619 -0.014666 5.303187
10 27
0.998785 -0.018541 0.045650 0.086345
0.020948 0.998385 -0.052816 -0.026045
-0.044597 0.053709 0.997560 0.663245
66 445
0.785460 0.035461 0.617896 -5.045196
0.044586 0.992521 -0.113637 0.158854
-0.617305 0.116807 0.778005 5.664891
2 3
0.999977 -0.006760 0.000541 0.001958
0.006772 0.999680 -0.024376 0.000985
-0.000377 0.024379 0.999703 0.064835
69 478
0.330336 0.088426 0.939712 -4.220153
0.073556 0.990162 -0.119030 0.097025
-0.940993 0.108442 0.320582 5.736578
5 10
0.999681 -0.021731 0.012856 -0.000743
0.022123 0.999269 -0.031174 -0.015375
-0.012169 0.031448 0.999431 0.245733
75 553
-0.149117 0.147159 0.977808 -2.319323
0.110699 0.985132 -0.131380 -0.011496
-0.982604 0.088651 -0.163190 5.133986
11 31
0.999096 -0.007346 0.041868 0.114776
0.009855 0.998147 -0.060046 -0.038875
-0.041349 0.060404 0.997317 0.755985
76 566
-0.390666 0.153645 0.907620 -2.153303
0.118477 0.986164 -0.115945 0.004537
-0.912876 0.062237 -0.403464 4.855132
12 34
0.999128 -0.014127 0.039288 0.140257
0.016352 0.998246 -0.056895 -0.054091
-0.038415 0.057488 0.997607 0.840328
78 605
-0.868357 0.130877 0.478359 -1.924078
0.101297 0.991022 -0.087258 0.007803
-0.485485 -0.027315 -0.873818 3.884556
14 43
0.999853 0.000041 0.017146 0.178730
0.000959 0.998299 -0.058302 -0.046164
-0.017119 0.058310 0.998152 1.059967
79 642
-0.973524 0.127449 0.189757 -2.048349
0.119789 0.991470 -0.051353 0.048346
-0.194683 -0.027262 -0.980487 2.875696
15 48
0.999966 0.008076 -0.001432 0.183837
-0.008154 0.997728 -0.066880 -0.053257
0.000889 0.066889 0.997760 1.180895
80 670
-0.970590 0.119790 0.208819 -2.108224
0.114949 0.992747 -0.035210 0.094067
-0.211522 -0.010171 -0.977320 2.049268
16 53
0.999213 0.017601 -0.035559 0.190895
-0.019916 0.997631 -0.065841 -0.062089
0.034316 0.066497 0.997196 1.294642
82 699
-0.959470 0.120784 0.254615 -2.167206
0.112556 0.992548 -0.046695 0.106614
-0.258358 -0.016144 -0.965914 1.264050
18 61
0.993320 0.042262 -0.107376 0.220679
-0.049134 0.996855 -0.062179 -0.052840
0.104411 0.067039 0.992272 1.493514
20 69
0.972125 0.067362 -0.224579 0.239755
-0.081340 0.995246 -0.053568 -0.072493
0.219903 0.070342 0.972982 1.703066
21 73
0.948670 0.060624 -0.310401 0.228576
-0.076399 0.996318 -0.038909 -0.082031
0.306900 0.060626 0.949809 1.805466
22 79
0.886661 0.062486 -0.458179 0.170682
-0.082326 0.996330 -0.023437 -0.075143
0.455033 0.058500 0.888551 1.939618
24 91
0.677785 0.046966 -0.733758 -0.009715
-0.081103 0.996644 -0.011123 -0.071989
0.730773 0.067049 0.679320 2.149444
25 98
0.533258 0.033194 -0.845301 -0.128084
-0.073408 0.997276 -0.007147 -0.057949
0.842762 0.065863 0.534242 2.270424
26 106
0.365789 0.015410 -0.930570 -0.292294
-0.061705 0.998065 -0.007727 -0.053712
0.928650 0.060247 0.366032 2.414202
27 114
0.206930 0.002050 -0.978354 -0.468904
-0.053744 0.998512 -0.009275 -0.052707
0.976879 0.054500 0.206732 2.502244
29 131
-0.109378 0.000318 -0.994000 -0.883162
0.008377 0.999965 -0.000602 -0.027161
0.993965 -0.008392 -0.109376 2.526775
30 139
-0.269214 0.031492 -0.962565 -1.103615
0.022130 0.999404 0.026508 0.006452
0.962826 -0.014165 -0.269750 2.507317
31 147
-0.430428 0.046337 -0.901435 -1.304519
0.008180 0.998841 0.047438 -0.002232
0.902588 0.013045 -0.430308 2.464490
32 155
-0.587927 0.049759 -0.807382 -1.493994
0.010473 0.998491 0.053911 0.024556
0.808847 0.023240 -0.587560 2.365298
33 164
-0.719937 0.054914 -0.691864 -1.671615
0.025990 0.998299 0.052191 0.035572
0.693553 0.019593 -0.720139 2.199708
35 182
-0.838644 0.057997 -0.541583 -2.050694
0.059372 0.998124 0.014950 0.082674
0.541434 -0.019617 -0.840514 1.954595
37 196
-0.821655 0.085869 -0.563480 -2.359419
0.104133 0.994563 -0.000282 0.108006
0.560392 -0.058909 -0.826130 1.755093
38 202
-0.767742 0.087200 -0.634797 -2.489194
0.124583 0.992105 -0.014391 0.104992
0.628531 -0.090134 -0.772545 1.702458
42 229
-0.246543 0.019277 -0.968940 -3.078616
0.031657 0.999429 0.011829 0.131333
0.968615 -0.027758 -0.247013 1.946802
43 237
-0.154950 0.016542 -0.987784 -3.293295
0.012422 0.999813 0.014795 0.148779
0.987844 -0.009978 -0.155126 2.021981
44 244
-0.106540 0.030589 -0.993838 -3.476337
0.006727 0.999526 0.030043 0.155092
0.994286 -0.003485 -0.106695 2.085115
45 251
-0.078081 0.034842 -0.996338 -3.643517
0.010578 0.999362 0.034119 0.177308
0.996891 -0.007875 -0.078400 2.158994
48 274
-0.029097 0.021247 -0.999351 -4.302033
0.018114 0.999621 0.020726 0.203972
0.999412 -0.017499 -0.029471 2.393142
49 283
0.080704 0.002074 -0.996736 -4.509204
0.030851 0.999514 0.004578 0.210231
0.996261 -0.031119 0.080601 2.490378
50 292
0.227150 -0.013774 -0.973762 -4.684483
0.028220 0.999573 -0.007556 0.242538
0.973451 -0.025764 0.227442 2.652152
51 301
0.341369 -0.016225 -0.939789 -4.871191
0.018833 0.999768 -0.010419 0.227424
0.939741 -0.014142 0.341596 2.841364
52 310
0.399091 -0.014719 -0.916793 -5.057003
0.011566 0.999872 -0.011018 0.250769
0.916838 -0.006206 0.399210 2.976841
53 320
0.407620 -0.022777 -0.912867 -5.271941
0.011129 0.999739 -0.019975 0.248892
0.913084 -0.002017 0.407767 3.126160
55 339
0.476049 -0.016693 -0.879260 -5.554083
-0.037495 0.998525 -0.039258 0.250813
0.878619 0.051656 0.474721 3.502038
56 348
0.568716 -0.014989 -0.822398 -5.658180
-0.039214 0.998203 -0.045311 0.262536
0.821599 0.058019 0.567106 3.706087
57 357
0.703156 -0.021773 -0.710702 -5.748790
-0.033353 0.997421 -0.063555 0.256995
0.710253 0.068393 0.700616 3.903965
58 367
0.836751 -0.023717 -0.547069 -5.790455
-0.013623 0.997851 -0.064096 0.266101
0.547413 0.061085 0.834630 4.125535
60 388
0.973164 -0.022673 -0.228995 -5.791809
0.003551 0.996495 -0.083572 0.246909
0.230087 0.080517 0.969834 4.630457
61 397
0.993209 -0.007316 -0.116115 -5.769239
-0.003018 0.996065 -0.088573 0.228757
0.116306 0.088322 0.989279 4.829537
62 407
0.999982 -0.001549 0.005724 -5.681794
0.002191 0.993482 -0.113972 0.231608
-0.005510 0.113982 0.993467 5.029057
63 417
0.991216 0.034755 0.127603 -5.541423
-0.017688 0.991023 -0.132517 0.196981
-0.131063 0.129096 0.982933 5.234376
67 456
0.620565 0.079892 0.780074 -4.774942
0.035593 0.990901 -0.129800 0.130396
-0.783346 0.108314 0.612075 5.692061
68 466
0.484393 0.087072 0.870507 -4.524749
0.054295 0.990125 -0.129249 0.121599
-0.873164 0.109871 0.474882 5.716687
70 490
0.203538 0.090741 0.974853 -3.912615
0.078941 0.990933 -0.108719 0.085881
-0.975879 0.099085 0.194529 5.649377
72 517
0.099721 0.096947 0.990281 -3.203768
0.091101 0.990172 -0.106110 0.030998
-0.990836 0.100797 0.089909 5.540845
73 528
0.055879 0.098149 0.993602 -2.919746
0.097682 0.989845 -0.103271 0.025224
-0.993648 0.102828 0.045724 5.430583
77 582
-0.651318 0.148178 0.744196 -1.974651
0.109195 0.988843 -0.101322 -0.005005
-0.750907 0.015270 -0.660232 4.487141
81 686
-0.964313 0.110320 0.240685 -2.185087
0.107297 0.993896 -0.025669 0.095103
-0.242048 0.001072 -0.970264 1.588117
83 712
-0.963281 0.117222 0.241556 -2.213787
0.109116 0.992931 -0.046712 0.128291
-0.245324 -0.018639 -0.969262 1.006283

0
0.000000 0.000000 0.000000 -nan
0.000000 0.000000 0.000000 -nan
-nan 0.000000 0.000000 -nan
1
0.000000 0.000000 0.000000 -nan
0.000000 0.000000 0.000000 -nan
-nan 0.000000 0.000000 -nan
2
0.999989 -0.004596 -0.000610 0.002739
0.004585 0.999836 -0.017493 0.000621
0.000690 0.017490 0.999847 0.051920
3
0.999975 -0.007044 0.000142 0.003213
0.007046 0.999676 -0.024477 0.000490
0.000031 0.024477 0.999700 0.076482
4
0.999966 -0.008035 0.001644 0.002189
0.008080 0.999536 -0.029355 0.001184
-0.001408 0.029367 0.999568 0.103365
5
0.999970 -0.007262 0.002593 0.001706
0.007346 0.999401 -0.033815 0.001611
-0.002346 0.033833 0.999425 0.126690
6
0.999972 -0.007036 0.002612 -0.000291
0.007120 0.999407 -0.033688 -0.004782
-0.002373 0.033706 0.999429 0.156019
7
0.999931 -0.010753 0.004667 -0.000472
0.010908 0.999344 -0.034547 -0.010628
-0.004292 0.034595 0.999392 0.187862
8
0.999867 -0.014381 0.007635 -0.001162
0.014620 0.999374 -0.032218 -0.014864
-0.007167 0.032326 0.999452 0.220971
9
0.999756 -0.018801 0.011627 0.000164
0.019134 0.999390 -0.029231 -0.016449
-0.011070 0.029446 0.999505 0.236300
10
0.999672 -0.021636 0.013679 0.001907
0.022040 0.999302 -0.030147 -0.016181
-0.013018 0.030438 0.999452 0.263295
11
0.999629 -0.022042 0.015987 0.002190
0.022557 0.999207 -0.032795 -0.018327
-0.015251 0.033144 0.999334 0.285688
12
0.999556 -0.024373 0.017163 0.002947
0.024967 0.999064 -0.035317 -0.020576
-0.016287 0.035730 0.999229 0.308977
13
0.999503 -0.026058 0.017717 0.003215
0.026662 0.999039 -0.034797 -0.023965
-0.016793 0.035252 0.999237 0.344218
14
0.999368 -0.029118 0.020368 0.005849
0.029787 0.999000 -0.033329 -0.025661
-0.019377 0.033915 0.999237 0.373427
15
0.999258 -0.030555 0.023449 0.007853
0.031312 0.998976 -0.032657 -0.024869
-0.022427 0.033367 0.999192 0.399277
16
0.999203 -0.029352 0.027039 0.010604
0.030284 0.998938 -0.034729 -0.024011
-0.025991 0.035520 0.999031 0.412405
17
0.999106 -0.030028 0.029772 0.014808
0.031148 0.998796 -0.037904 -0.023471
-0.028598 0.038798 0.998838 0.435411
18
0.999070 -0.028810 0.032065 0.019088
0.030046 0.998796 -0.038782 -0.022912
-0.030910 0.039710 0.998733 0.460152
19
0.999027 -0.028546 0.033613 0.023997
0.029892 0.998743 -0.040231 -0.021858
-0.032423 0.041197 0.998625 0.481581
20
0.998929 -0.028102 0.036757 0.030748
0.029581 0.998748 -0.040338 -0.020162
-0.035577 0.041382 0.998510 0.508180
21
0.998906 -0.027097 0.038117 0.038051
0.028694 0.998706 -0.041979 -0.017735
-0.036930 0.043027 0.998391 0.533369
22
0.998895 -0.025401 0.039541 0.045237
0.027134 0.998666 -0.043928 -0.015963
-0.038372 0.044952 0.998252 0.553836
23
0.998861 -0.023176 0.041716 0.053805
0.025109 0.998606 -0.046428 -0.016404
-0.040582 0.047423 0.998050 0.579658
24
0.998899 -0.021490 0.041696 0.063094
0.023510 0.998542 -0.048585 -0.015681
-0.040591 0.049512 0.997948 0.604771
25
0.998935 -0.019411 0.041868 0.072357
0.021569 0.998429 -0.051722 -0.016681
-0.040799 0.052570 0.997783 0.629640
26
0.998894 -0.018193 0.043353 0.080650
0.020489 0.998378 -0.053123 -0.018732
-0.042317 0.053952 0.997646 0.648478
27
0.998827 -0.018596 0.044700 0.090112
0.020900 0.998446 -0.051652 -0.026510
-0.043670 0.052526 0.997664 0.677254
28
0.998871 -0.018585 0.043715 0.099211
0.020838 0.998447 -0.051660 -0.029869
-0.042687 0.052513 0.997707 0.704420
29
0.998919 -0.015436 0.043842 0.106084
0.017723 0.998476 -0.052261 -0.031005
-0.042968 0.052981 0.997671 0.728499
30
0.999027 -0.010978 0.042723 0.111875
0.013359 0.998349 -0.055863 -0.034948
-0.042039 0.056380 0.997524 0.750764
31
0.999110 -0.007588 0.041489 0.118777
0.010031 0.998207 -0.059008 -0.039133
-0.040967 0.059372 0.997395 0.767953
32
0.999128 -0.009128 0.040743 0.127334
0.011590 0.998093 -0.060625 -0.048072
-0.040112 0.061044 0.997329 0.794874
33
0.999120 -0.012666 0.039985 0.136581
0.014943 0.998253 -0.057156 -0.052954
-0.039191 0.057703 0.997564 0.824993
34
0.999136 -0.014638 0.038895 0.143764
0.016792 0.998309 -0.055646 -0.054565
-0.038014 0.056251 0.997693 0.851759
35
0.999212 -0.013934 0.037174 0.151236
0.016013 0.998290 -0.056222 -0.054290
-0.036327 0.056773 0.997726 0.877359
36
0.999348 -0.011263 0.034302 0.156333
0.013186 0.998324 -0.056351 -0.053090
-0.033610 0.056767 0.997822 0.900730
37
0.999445 -0.009097 0.032037 0.162255
0.010914 0.998313 -0.057020 -0.054138
-0.031464 0.057339 0.997859 0.923788
38
0.999477 -0.009020 0.031060 0.167918
0.010740 0.998390 -0.055687 -0.055099
-0.030508 0.055992 0.997965 0.948023
39
0.999556 -0.008639 0.028525 0.172688
0.010191 0.998449 -0.054726 -0.053184
-0.028008 0.054992 0.998094 0.974775
40
0.999662 -0.006387 0.025217 0.177102
0.007772 0.998445 -0.055206 -0.050565
-0.024825 0.055383 0.998157 0.999216
41
0.999725 -0.004291 0.023044 0.180102
0.005582 0.998402 -0.056230 -0.048649
-0.022765 0.056343 0.998152 1.023475
42
0.999799 -0.001800 0.019980 0.182081
0.002944 0.998347 -0.057392 -0.046713
-0.019844 0.057439 0.998152 1.048487
43
0.999857 -0.000391 0.016921 0.184166
0.001362 0.998351 -0.057394 -0.046225
-0.016870 0.057409 0.998208 1.074786
44
0.999907 0.002848 0.013309 0.184465
-0.002057 0.998251 -0.059077 -0.044124
-0.013454 0.059045 0.998165 1.099368
45
0.999945 0.004922 0.009220 0.186102
-0.004357 0.998167 -0.060358 -0.044194
-0.009501 0.060314 0.998134 1.125000
46
0.999964 0.006156 0.005835 0.186166
-0.005774 0.997974 -0.063353 -0.047330
-0.006213 0.063317 0.997974 1.150893
47
0.999971 0.007001 0.003048 0.186573
-0.006790 0.997900 -0.064420 -0.051312
-0.003492 0.064397 0.997918 1.178415
48
0.999970 0.007433 -0.002037 0.188751
-0.007551 0.997775 -0.066235 -0.053514
0.001540 0.066249 0.997802 1.198965
49
0.999918 0.009590 -0.008470 0.190953
-0.010160 0.997495 -0.070004 -0.053986
0.007778 0.070084 0.997511 1.219989
50
0.999745 0.015063 -0.016852 0.192240
-0.016211 0.997398 -0.070239 -0.055696
0.015750 0.070494 0.997388 1.240872
51
0.999617 0.015405 -0.023007 0.193073
-0.016955 0.997489 -0.068765 -0.060526
0.021890 0.069129 0.997368 1.264868
52
0.999451 0.015157 -0.029453 0.194394
-0.017080 0.997662 -0.066179 -0.063109
0.028381 0.066646 0.997373 1.290701
53
0.999198 0.017138 -0.036200 0.195306
-0.019463 0.997703 -0.064890 -0.062672
0.035005 0.065542 0.997236 1.314990
54
0.998872 0.021130 -0.042530 0.197360
-0.023938 0.997490 -0.066646 -0.062936
0.041015 0.067589 0.996870 1.337471
55
0.998293 0.027013 -0.051788 0.200147
-0.030358 0.997428 -0.064934 -0.062078
0.049901 0.066395 0.996545 1.359158
56
0.997819 0.029945 -0.058828 0.203655
-0.033731 0.997350 -0.064454 -0.061566
0.056742 0.066298 0.996185 1.383301
57
0.997237 0.031173 -0.067421 0.206485
-0.035449 0.997372 -0.063182 -0.059588
0.065275 0.065398 0.995722 1.402955
58
0.996737 0.031277 -0.074413 0.209689
-0.035917 0.997439 -0.061857 -0.057261
0.072288 0.064328 0.995307 1.430726
59
0.995875 0.033850 -0.084188 0.213437
-0.038984 0.997430 -0.060108 -0.056233
0.081937 0.063142 0.994635 1.457358
60
0.994822 0.036611 -0.094804 0.219813
-0.042560 0.997199 -0.061502 -0.053407
0.092287 0.065218 0.993594 1.483979
61
0.993423 0.041794 -0.106604 0.224789
-0.048525 0.996936 -0.061352 -0.053383
0.103713 0.066121 0.992407 1.516004
62
0.991867 0.044118 -0.119390 0.230678
-0.051836 0.996708 -0.062332 -0.054898
0.116247 0.068014 0.990889 1.542871
63
0.990423 0.045559 -0.130332 0.235721
-0.053849 0.996696 -0.060807 -0.054852
0.127131 0.067243 0.989604 1.570880
64
0.989102 0.045803 -0.139926 0.239390
-0.054500 0.996771 -0.058970 -0.058591
0.136774 0.065953 0.988404 1.601409
65
0.987275 0.044171 -0.152765 0.242462
-0.053335 0.996982 -0.056418 -0.063589
0.149812 0.063848 0.986651 1.632288
66
0.985104 0.045484 -0.165838 0.243440
-0.054577 0.997222 -0.050690 -0.065415
0.163072 0.058986 0.984849 1.661892
67
0.981759 0.051255 -0.183089 0.242755
-0.061193 0.996920 -0.049046 -0.067001
0.180011 0.059355 0.981872 1.685101
68
0.977521 0.059090 -0.202389 0.244712
-0.070568 0.996255 -0.049966 -0.068477
0.198678 0.063125 0.978030 1.709203
69
0.972510 0.066618 -0.223128 0.243769
-0.080394 0.995341 -0.053224 -0.072900
0.218542 0.069699 0.973335 1.729883
70
0.967326 0.069129 -0.243931 0.242620
-0.085220 0.994786 -0.056026 -0.078065
0.238786 0.074983 0.968173 1.755235
71
0.962263 0.064938 -0.264258 0.241807
-0.080689 0.995525 -0.049182 -0.082875
0.259882 0.068649 0.963197 1.780556
72
0.956546 0.058535 -0.285645 0.236420
-0.073363 0.996442 -0.041479 -0.083587
0.282201 0.060633 0.957437 1.809831
73
0.949095 0.060503 -0.309125 0.233587
-0.076207 0.996330 -0.038970 -0.083322
0.305633 0.060544 0.950223 1.834546
74
0.940755 0.064140 -0.332966 0.229233
-0.082037 0.995828 -0.039957 -0.082472
0.329014 0.064905 0.942092 1.854935
75
0.931343 0.067920 -0.357753 0.221405
-0.088024 0.995307 -0.040192 -0.081373
0.353344 0.068923 0.932951 1.876516
76
0.920848 0.068220 -0.383908 0.212874
-0.089761 0.995221 -0.038452 -0.080266
0.379450 0.069869 0.922570 1.899775
77
0.910433 0.065978 -0.408361 0.203251
-0.087226 0.995622 -0.033607 -0.080256
0.404355 0.066217 0.912202 1.924214
78
0.899016 0.063288 -0.433318 0.189552
-0.083939 0.996058 -0.028673 -0.078657
0.429795 0.062150 0.900785 1.949287
79
0.887907 0.062297 -0.455786 0.177125
-0.081870 0.996371 -0.023305 -0.076262
0.452680 0.058007 0.889784 1.971218
80
0.874038 0.062296 -0.481848 0.162669
-0.082983 0.996314 -0.021716 -0.073650
0.478719 0.058966 0.875986 1.992567
81
0.859191 0.062527 -0.507820 0.148262
-0.084947 0.996163 -0.021069 -0.072517
0.504554 0.061240 0.861205 2.012379
82
0.843723 0.060300 -0.533382 0.134908
-0.083842 0.996279 -0.019993 -0.069996
0.530191 0.061588 0.845638 2.031257
83
0.828027 0.060989 -0.557361 0.122047
-0.087761 0.995912 -0.021403 -0.067042
0.553777 0.066637 0.829994 2.048848
84
0.811801 0.062153 -0.580618 0.105329
-0.092916 0.995400 -0.023359 -0.066860
0.576495 0.072911 0.813841 2.060904
85
0.794956 0.060704 -0.603623 0.091660
-0.092064 0.995529 -0.021129 -0.069432
0.599641 0.072369 0.796990 2.075982
86
0.777098 0.057392 -0.626757 0.077662
-0.090451 0.995680 -0.020973 -0.071257
0.622846 0.072989 0.778932 2.093030
87
0.759010 0.056306 -0.648640 0.063805
-0.093095 0.995402 -0.022527 -0.070632
0.644390 0.077483 0.760762 2.108552
88
0.739693 0.052500 -0.670894 0.048357
-0.091309 0.995562 -0.022766 -0.071749
0.666721 0.078099 0.741204 2.125577
89
0.720275 0.049924 -0.691890 0.030899
-0.086793 0.996055 -0.018483 -0.074083
0.688238 0.073364 0.721766 2.140768
90
0.701667 0.046909 -0.710960 0.013456
-0.081287 0.996586 -0.014470 -0.075103
0.707853 0.067945 0.703084 2.158867
91
0.681028 0.046935 -0.730752 -0.003488
-0.081097 0.996639 -0.011566 -0.073255
0.727753 0.067139 0.682545 2.176117
92
0.661572 0.048025 -0.748342 -0.018558
-0.083757 0.996435 -0.010098 -0.071958
0.745189 0.069360 0.663236 2.191258
93
0.641602 0.046451 -0.765630 -0.034127
-0.083187 0.996491 -0.009254 -0.071502
0.762513 0.069628 0.643215 2.208091
94
0.621570 0.043841 -0.782131 -0.050463
-0.078908 0.996858 -0.006833 -0.069925
0.779374 0.065963 0.623077 2.225777
95
0.600054 0.041105 -0.798903 -0.068978
-0.074423 0.997216 -0.004590 -0.067759
0.796490 0.062211 0.601442 2.244475
96
0.578477 0.038644 -0.814783 -0.087977
-0.073561 0.997279 -0.004927 -0.064612
0.812375 0.062787 0.579745 2.259272
97
0.558172 0.036564 -0.828919 -0.105290
-0.074794 0.997179 -0.006378 -0.061449
0.826347 0.065558 0.559332 2.276678
98
0.537280 0.032965 -0.842760 -0.122851
-0.073417 0.997271 -0.007797 -0.059315
0.840203 0.066062 0.538234 2.294471
99
0.515971 0.029159 -0.856110 -0.139884
-0.070263 0.997493 -0.008373 -0.057574
0.853719 0.064473 0.516727 2.312653
100
0.495509 0.026601 -0.868195 -0.160536
-0.066343 0.997770 -0.007293 -0.055991
0.866065 0.061213 0.496169 2.332617
101
0.475127 0.022084 -0.879640 -0.178148
-0.063694 0.997926 -0.009350 -0.053300
0.877609 0.060470 0.475548 2.351622
102
0.454480 0.019209 -0.890550 -0.197383
-0.064734 0.997836 -0.011513 -0.051914
0.888402 0.062881 0.454740 2.370384
103
0.433233 0.018404 -0.901094 -0.220077
-0.066318 0.997732 -0.011507 -0.052876
0.898839 0.064744 0.433471 2.386652
104
0.412550 0.015797 -0.910798 -0.243163
-0.061985 0.998019 -0.010767 -0.058225
0.908824 0.060898 0.412711 2.405055
105
0.391297 0.016072 -0.920124 -0.264657
-0.059891 0.998173 -0.008034 -0.057728
0.918313 0.058251 0.391545 2.422471
106
0.370723 0.015439 -0.928615 -0.288021
-0.061693 0.998063 -0.008036 -0.055431
0.926692 0.060268 0.370957 2.437334
107
0.350316 0.014176 -0.936524 -0.307148
-0.067674 0.997655 -0.010212 -0.056298
0.934184 0.066956 0.350454 2.449070
108
0.328999 0.011545 -0.944260 -0.326282
-0.065781 0.997776 -0.010720 -0.060951
0.942036 0.065642 0.329027 2.461319
109
0.309220 0.010511 -0.950932 -0.351966
-0.058176 0.998275 -0.007883 -0.063994
0.949209 0.057759 0.309298 2.475719
110
0.290001 0.013514 -0.956931 -0.376451
-0.053796 0.998549 -0.002201 -0.062750
0.955513 0.052118 0.290307 2.489227
111
0.270113 0.010581 -0.962770 -0.399558
-0.053076 0.998583 -0.003916 -0.059147
0.961365 0.052158 0.270292 2.500138
112
0.251528 0.005676 -0.967833 -0.420752
-0.054728 0.998466 -0.008368 -0.056106
0.966302 0.055072 0.251452 2.509670
113
0.232432 0.002815 -0.972609 -0.441348
-0.057420 0.998291 -0.010833 -0.054942
0.970916 0.058365 0.232197 2.517694
114
0.212624 0.001589 -0.977133 -0.462673
-0.054456 0.998464 -0.010225 -0.055077
0.975616 0.055385 0.212384 2.526571
115
0.193046 0.000718 -0.981189 -0.489335
-0.050765 0.998668 -0.009257 -0.053079
0.979875 0.051597 0.192826 2.532494
116
0.173839 -0.000757 -0.984774 -0.516338
-0.048154 0.998797 -0.009268 -0.048395
0.983596 0.049032 0.173594 2.538670
117
0.154973 -0.002514 -0.987916 -0.539837
-0.045717 0.998907 -0.009714 -0.043783
0.986860 0.046670 0.154688 2.543010
118
0.136661 -0.004798 -0.990606 -0.564000
-0.044431 0.998952 -0.010968 -0.040926
0.989621 0.045513 0.136305 2.547295
119
0.117049 -0.007065 -0.993101 -0.591852
-0.040694 0.999101 -0.011904 -0.040738
0.992292 0.041806 0.116656 2.551124
120
0.097973 -0.009165 -0.995147 -0.619188
-0.037885 0.999198 -0.012932 -0.037897
0.994468 0.038968 0.097547 2.552087
121
0.078318 -0.010297 -0.996875 -0.646606
-0.035079 0.999299 -0.013078 -0.032907
0.996311 0.035993 0.077902 2.553385
122
0.059269 -0.011740 -0.998173 -0.673543
-0.035260 0.999282 -0.013846 -0.030631
0.997619 0.036016 0.058813 2.552369
123
0.041148 -0.012243 -0.999078 -0.695967
-0.033537 0.999345 -0.013628 -0.033453
0.998590 0.034066 0.040710 2.551268
124
0.023996 -0.012485 -0.999634 -0.720266
-0.029034 0.999492 -0.013180 -0.035351
0.999290 0.029339 0.023621 2.552090
125
0.005336 -0.014587 -0.999879 -0.740768
-0.026682 0.999536 -0.014724 -0.033327
0.999630 0.026758 0.004944 2.552436
126
-0.014002 -0.015497 -0.999782 -0.763396
-0.024082 0.999595 -0.015157 -0.032268
0.999612 0.023864 -0.014370 2.553558
127
-0.031441 -0.014643 -0.999398 -0.789163
-0.017020 0.999756 -0.014113 -0.037146
0.999361 0.016566 -0.031683 2.552485
128
-0.051020 -0.011204 -0.998635 -0.819588
-0.009715 0.999895 -0.010722 -0.038406
0.998650 0.009155 -0.051123 2.553552
129
-0.068317 -0.006987 -0.997639 -0.843828
-0.002397 0.999974 -0.006839 -0.035011
0.997661 0.001924 -0.068332 2.553190
130
-0.085353 -0.003099 -0.996346 -0.862512
0.003457 0.999988 -0.003407 -0.033556
0.996345 -0.003735 -0.085341 2.554592
131
-0.103640 -0.000182 -0.994615 -0.883056
0.007099 0.999974 -0.000923 -0.030298
0.994590 -0.007156 -0.103636 2.555284
132
-0.122264 0.004464 -0.992488 -0.908109
0.011704 0.999927 0.003055 -0.030610
0.992429 -0.011242 -0.122308 2.555647
133
-0.141388 0.010818 -0.989895 -0.933228
0.019298 0.999780 0.008169 -0.031142
0.989766 -0.017948 -0.141566 2.553671
134
-0.162083 0.019836 -0.986578 -0.964491
0.028634 0.999471 0.015391 -0.024250
0.986362 -0.025755 -0.162565 2.551128
135
-0.182140 0.026487 -0.982916 -0.996298
0.031996 0.999267 0.020999 -0.016170
0.982752 -0.027624 -0.182854 2.548213
136
-0.202589 0.028170 -0.978859 -1.026117
0.029647 0.999304 0.022622 -0.009115
0.978815 -0.024437 -0.203284 2.542712
137
-0.222942 0.030609 -0.974351 -1.049628
0.027040 0.999316 0.025207 -0.005417
0.974457 -0.020727 -0.223617 2.541483
138
-0.243580 0.031249 -0.969377 -1.078382
0.024252 0.999365 0.026122 -0.003441
0.969578 -0.017146 -0.244183 2.535718
139
-0.262996 0.031302 -0.964289 -1.103249
0.020988 0.999423 0.026719 0.002897
0.964569 -0.013212 -0.263501 2.534862
140
-0.281315 0.031059 -0.959113 -1.124299
0.017975 0.999471 0.027094 0.006738
0.959447 -0.009618 -0.281724 2.537025
141
-0.301800 0.033110 -0.952796 -1.154288
0.016239 0.999430 0.029587 0.005249
0.953233 -0.006543 -0.302165 2.531576
142
-0.322532 0.038267 -0.945785 -1.185291
0.017553 0.999252 0.034444 -0.001890
0.946396 -0.005492 -0.322963 2.524016
143
-0.342031 0.042268 -0.938737 -1.209578
0.020293 0.999087 0.037591 0.001716
0.939469 -0.006193 -0.342577 2.521674
144
-0.363469 0.044118 -0.930561 -1.232689
0.017146 0.999026 0.040667 0.010364
0.931448 -0.001174 -0.363872 2.518640
145
-0.384104 0.043099 -0.922283 -1.253159
0.009669 0.999043 0.042660 0.011090
0.923239 0.007468 -0.384153 2.513917
146
-0.405435 0.041468 -0.913183 -1.278332
0.003407 0.999032 0.043854 0.000737
0.914118 0.014669 -0.405183 2.504169
147
-0.424518 0.045715 -0.904265 -1.305553
0.006797 0.998857 0.047307 -0.005822
0.905394 0.013937 -0.424344 2.494611
148
-0.442897 0.052465 -0.895036 -1.334984
0.013038 0.998558 0.052081 0.000112
0.896478 0.011397 -0.442942 2.483661
149
-0.462994 0.055139 -0.884645 -1.360050
0.012645 0.998373 0.055609 0.008148
0.886271 0.014560 -0.462938 2.472743
150
-0.484091 0.052325 -0.873452 -1.381554
0.006628 0.998401 0.056137 0.014458
0.874993 0.021386 -0.483664 2.461583
151
-0.505197 0.046636 -0.861743 -1.404591
-0.002403 0.998459 0.055443 0.016580
0.863001 0.030080 -0.504306 2.446258
152
-0.524630 0.041283 -0.850329 -1.423713
-0.006921 0.998584 0.052750 0.009340
0.851302 0.033559 -0.523601 2.444701
153
-0.544839 0.041638 -0.837506 -1.446677
-0.002364 0.998686 0.051190 0.011617
0.838538 0.029870 -0.544024 2.433692
154
-0.563909 0.047127 -0.824491 -1.472240
0.004896 0.998544 0.053727 0.015459
0.825822 0.026261 -0.563319 2.417744
155
-0.582483 0.049180 -0.811354 -1.499530
0.008818 0.998492 0.054192 0.021100
0.812795 0.024411 -0.582038 2.397857
156
-0.600856 0.051667 -0.797686 -1.523968
0.012855 0.998404 0.054984 0.025511
0.799254 0.022783 -0.600562 2.378139
157
-0.617598 0.053528 -0.784670 -1.545430
0.015927 0.998328 0.055568 0.026945
0.786332 0.021821 -0.617418 2.359308
158
-0.633315 0.056990 -0.771793 -1.568385
0.020050 0.998158 0.057254 0.034634
0.773634 0.020785 -0.633291 2.337391
159
-0.649187 0.056726 -0.758510 -1.588609
0.020877 0.998168 0.056781 0.035849
0.760342 0.021026 -0.649182 2.315983
160
-0.664216 0.056777 -0.745381 -1.608956
0.022002 0.998164 0.056426 0.034752
0.747216 0.021080 -0.664246 2.298025
161
-0.678606 0.056428 -0.732331 -1.625467
0.023597 0.998205 0.055048 0.039828
0.734123 0.020075 -0.678720 2.278347
162
-0.691487 0.053591 -0.720398 -1.641938
0.021633 0.998333 0.053502 0.039099
0.722065 0.021412 -0.691494 2.262106
163
-0.703664 0.052846 -0.708565 -1.659266
0.022076 0.998375 0.052538 0.037563
0.710189 0.021327 -0.703687 2.246742
164
-0.715157 0.054077 -0.696868 -1.678656
0.024427 0.998327 0.052402 0.032611
0.698536 0.020454 -0.715282 2.230320
165
-0.725950 0.056255 -0.685443 -1.700088
0.027573 0.998228 0.052723 0.033107
0.687195 0.019375 -0.726215 2.211959
166
-0.735544 0.056607 -0.675108 -1.720388
0.029027 0.998221 0.052074 0.034920
0.676855 0.018706 -0.735879 2.197104
167
-0.745418 0.054574 -0.664359 -1.736409
0.028906 0.998352 0.049577 0.037363
0.665970 0.017752 -0.745767 2.184984
168
-0.754410 0.051456 -0.654384 -1.754249
0.027810 0.998533 0.046457 0.037495
0.655814 0.016849 -0.754734 2.172423
169
-0.763582 0.050829 -0.643707 -1.772109
0.028975 0.998590 0.044480 0.037474
0.645060 0.015313 -0.763978 2.161839
170
-0.772754 0.052112 -0.632562 -1.792635
0.032333 0.998562 0.042764 0.039877
0.633881 0.012594 -0.773328 2.149326
171
-0.781412 0.053055 -0.621756 -1.817229
0.035288 0.998542 0.040857 0.044335
0.623016 0.009986 -0.782145 2.133289
172
-0.789327 0.054251 -0.611572 -1.838515
0.038440 0.998501 0.038961 0.051333
0.612769 0.007244 -0.790229 2.119960
173
-0.795509 0.054978 -0.603442 -1.862253
0.041059 0.998477 0.036841 0.058219
0.604549 0.004531 -0.796555 2.105034
174
-0.801162 0.054071 -0.596000 -1.882702
0.042418 0.998536 0.033571 0.061212
0.596942 0.001614 -0.802283 2.095603
175
-0.806346 0.054807 -0.588899 -1.904682
0.044840 0.998496 0.031530 0.062648
0.589742 -0.000982 -0.807591 2.083945
176
-0.811417 0.055702 -0.581807 -1.927609
0.047544 0.998440 0.029283 0.068105
0.582531 -0.003900 -0.812799 2.071565
177
-0.816527 0.056406 -0.574545 -1.952274
0.050058 0.998385 0.026875 0.073272
0.575133 -0.006816 -0.818032 2.058616
178
-0.820531 0.056859 -0.568767 -1.976367
0.052438 0.998332 0.024154 0.073449
0.569192 -0.010006 -0.822144 2.047412
179
-0.825036 0.059785 -0.561909 -2.001430
0.057175 0.998116 0.022247 0.070314
0.562180 -0.013772 -0.826900 2.033247
180
-0.828699 0.062091 -0.556240 -2.023437
0.060456 0.997943 0.021327 0.070993
0.556420 -0.015955 -0.830748 2.019648
181
-0.831938 0.061655 -0.551433 -2.042840
0.061233 0.997939 0.019197 0.078455
0.551480 -0.017795 -0.833998 2.003443
182
-0.835335 0.057678 -0.546707 -2.063860
0.058872 0.998148 0.015353 0.082596
0.546580 -0.019361 -0.837183 1.986924
183
-0.837594 0.057328 -0.543278 -2.080758
0.059490 0.998136 0.013607 0.074853
0.543045 -0.020922 -0.839443 1.977994
184
-0.838697 0.063101 -0.540930 -2.098800
0.064649 0.997777 0.016158 0.066123
0.540747 -0.021419 -0.840913 1.970033
185
-0.840265 0.068334 -0.537852 -2.128052
0.068873 0.997442 0.019128 0.070475
0.537783 -0.020971 -0.842822 1.950018
186
-0.841164 0.070177 -0.536208 -2.152260
0.070085 0.997329 0.020583 0.073641
0.536220 -0.020266 -0.843835 1.929564
187
-0.841360 0.070183 -0.535900 -2.173330
0.071454 0.997274 0.018423 0.075586
0.535732 -0.022791 -0.844081 1.915469
188
-0.841411 0.070564 -0.535768 -2.194598
0.073380 0.997174 0.016093 0.076696
0.535390 -0.025774 -0.844212 1.902814
189
-0.840765 0.072662 -0.536502 -2.215257
0.076379 0.996961 0.015330 0.073898
0.535985 -0.028089 -0.843760 1.890283
190
-0.839620 0.075707 -0.537872 -2.238520
0.079929 0.996680 0.015517 0.077832
0.537260 -0.029963 -0.842884 1.875683
191
-0.837752 0.078230 -0.540418 -2.261538
0.083202 0.996416 0.015259 0.082513
0.539675 -0.032181 -0.841258 1.860813
192
-0.835284 0.080021 -0.543965 -2.283229
0.086677 0.996146 0.013444 0.086691
0.542944 -0.035919 -0.839000 1.846576
193
-0.831625 0.081920 -0.549262 -2.305430
0.091012 0.995792 0.010720 0.090527
0.547829 -0.041074 -0.835581 1.832655
194
-0.828177 0.083718 -0.554179 -2.329409
0.095273 0.995419 0.007997 0.094396
0.552310 -0.046175 -0.832359 1.818660
195
-0.823625 0.084771 -0.560764 -2.352626
0.098467 0.995123 0.005809 0.102422
0.558522 -0.050433 -0.827955 1.804526
196
-0.818381 0.083800 -0.568534 -2.377445
0.102670 0.994715 -0.001173 0.103603
0.565430 -0.059331 -0.822659 1.789719
197
-0.811893 0.085827 -0.577462 -2.396160
0.107864 0.994158 -0.003893 0.097009
0.573755 -0.065448 -0.816408 1.781646
198
-0.804078 0.092886 -0.587223 -2.428972
0.111357 0.993769 0.004713 0.100446
0.584002 -0.061602 -0.809412 1.767198
199
-0.795266 0.092721 -0.599128 -2.452088
0.109588 0.993942 0.008359 0.100826
0.596274 -0.059010 -0.800609 1.752875
200
-0.786451 0.091795 -0.610793 -2.476497
0.113497 0.993533 0.003178 0.103165
0.607135 -0.066824 -0.791784 1.743810
201
-0.776038 0.086762 -0.624690 -2.494736
0.118359 0.992929 -0.009129 0.107817
0.619480 -0.081022 -0.780820 1.735891
202
-0.764327 0.085911 -0.639081 -2.504729
0.124429 0.992108 -0.015447 0.101067
0.632710 -0.091327 -0.768985 1.734527
203
-0.750588 0.087525 -0.654948 -2.531922
0.120288 0.992726 -0.005189 0.101823
0.649730 -0.082677 -0.755656 1.730029
204
-0.736500 0.088768 -0.670588 -2.559839
0.117785 0.993037 0.002089 0.101489
0.666104 -0.077447 -0.741827 1.724051
205
-0.720347 0.085248 -0.688355 -2.582806
0.118099 0.993002 -0.000612 0.106953
0.683486 -0.081735 -0.725373 1.723055
206
-0.704386 0.077950 -0.705524 -2.598141
0.118816 0.992876 -0.008926 0.110346
0.699802 -0.090115 -0.708630 1.724655
207
-0.686668 0.071315 -0.723464 -2.614978
0.118312 0.992872 -0.014424 0.110863
0.717279 -0.095499 -0.690211 1.729316
208
-0.667260 0.069174 -0.741606 -2.634629
0.116036 0.993175 -0.011764 0.111838
0.735731 -0.093903 -0.670733 1.735644
209
-0.647282 0.067796 -0.759230 -2.654433
0.111210 0.993778 -0.006073 0.113191
0.754095 -0.088365 -0.650794 1.740036
210
-0.627626 0.064769 -0.775816 -2.678283
0.107048 0.994247 -0.003596 0.118783
0.771120 -0.085306 -0.630949 1.745410
211
-0.607483 0.058655 -0.792164 -2.697498
0.103600 0.994602 -0.005803 0.121281
0.787547 -0.085593 -0.610281 1.754679
212
-0.585449 0.053546 -0.808939 -2.715803
0.099942 0.994972 -0.006470 0.124653
0.804526 -0.084635 -0.587857 1.763984
213
-0.563489 0.051002 -0.824548 -2.733545
0.096631 0.995310 -0.004473 0.122656
0.820453 -0.082198 -0.565775 1.779190
214
-0.542007 0.051189 -0.838814 -2.756273
0.092111 0.995748 0.001248 0.124405
0.835311 -0.076588 -0.544417 1.790047
215
-0.520495 0.047412 -0.852548 -2.773459
0.088870 0.996043 0.001136 0.131091
0.849228 -0.075175 -0.522648 1.797132
216
-0.499027 0.040872 -0.865622 -2.792034
0.084503 0.996422 -0.001668 0.134542
0.862457 -0.073980 -0.500695 1.809537
217
-0.477344 0.034198 -0.878051 -2.810646
0.078011 0.996946 -0.003581 0.127877
0.875247 -0.070207 -0.478554 1.824498
218
-0.456168 0.031167 -0.889348 -2.839124
0.072620 0.997357 -0.002296 0.125842
0.886926 -0.065632 -0.457226 1.837999
219
-0.433598 0.029705 -0.900617 -2.863034
0.066303 0.997799 0.000989 0.125862
0.898664 -0.059284 -0.434613 1.850426
220
-0.412756 0.023399 -0.910541 -2.883504
0.060544 0.998164 -0.001794 0.131320
0.908827 -0.055869 -0.413415 1.863809
221
-0.394341 0.014820 -0.918845 -2.897535
0.056134 0.998391 -0.007988 0.125777
0.917248 -0.054729 -0.394538 1.867484
222
-0.373593 0.012806 -0.927504 -2.915828
0.052148 0.998613 -0.007218 0.112388
0.926126 -0.051064 -0.373743 1.881647
223
-0.352551 0.017600 -0.935627 -2.941900
0.047995 0.998847 0.000705 0.110487
0.934561 -0.044657 -0.352989 1.897130
224
-0.332406 0.020251 -0.942919 -2.970252
0.045589 0.998946 0.005383 0.114347
0.942034 -0.041197 -0.332979 1.909848
225
-0.313013 0.018726 -0.949564 -2.994603
0.042863 0.999065 0.005573 0.119023
0.948781 -0.038957 -0.313523 1.923557
226
-0.294061 0.015797 -0.955656 -3.019009
0.040130 0.999186 0.004169 0.118350
0.954944 -0.037125 -0.294456 1.936704
227
-0.275300 0.016442 -0.961218 -3.039984
0.037949 0.999260 0.006223 0.120568
0.960609 -0.034764 -0.275721 1.947304
228
-0.258543 0.016859 -0.965853 -3.066137
0.034475 0.999372 0.008216 0.122996
0.965384 -0.031173 -0.258962 1.961138
229
-0.242390 0.017603 -0.970019 -3.098079
0.031941 0.999438 0.010155 0.126682
0.969653 -0.028522 -0.242816 1.975295
230
-0.227541 0.018083 -0.973601 -3.122887
0.029270 0.999503 0.011724 0.129736
0.973328 -0.025830 -0.227957 1.985910
231
-0.213483 0.018478 -0.976772 -3.148738
0.027634 0.999535 0.012869 0.134386
0.976556 -0.024245 -0.213894 1.997331
232
-0.200631 0.018639 -0.979490 -3.174318
0.024822 0.999595 0.013938 0.138949
0.979352 -0.021516 -0.201012 2.007038
233
-0.188630 0.017756 -0.981888 -3.200560
0.022085 0.999660 0.013835 0.142929
0.981800 -0.019075 -0.188958 2.016663
234
-0.177885 0.015691 -0.983926 -3.227950
0.019588 0.999731 0.012402 0.145778
0.983856 -0.017067 -0.178145 2.024621
235
-0.167849 0.013760 -0.985717 -3.252340
0.016506 0.999802 0.011146 0.149081
0.985675 -0.014399 -0.168042 2.034722
236
-0.159323 0.012629 -0.987146 -3.284065
0.014416 0.999841 0.010465 0.148251
0.987121 -0.012563 -0.159480 2.042549
237
-0.150825 0.015515 -0.988439 -3.317613
0.012794 0.999824 0.013742 0.144351
0.988478 -0.010573 -0.150997 2.051473
238
-0.142306 0.019837 -0.989624 -3.350202
0.010191 0.999776 0.018575 0.143297
0.989770 -0.007442 -0.142476 2.059527
239
-0.134160 0.021192 -0.990733 -3.373549
0.009409 0.999753 0.020110 0.146514
0.990915 -0.006624 -0.134326 2.069941
240
-0.126787 0.018010 -0.991766 -3.394870
0.009507 0.999811 0.016941 0.155014
0.991884 -0.007281 -0.126935 2.079163
241
-0.119523 0.014920 -0.992719 -3.416766
0.009633 0.999857 0.013867 0.145308
0.992785 -0.007905 -0.119650 2.087383
242
-0.112861 0.018469 -0.993439 -3.440737
0.009407 0.999802 0.017518 0.137437
0.993566 -0.007369 -0.113012 2.098338
243
-0.107734 0.025289 -0.993858 -3.475104
0.008251 0.999665 0.024542 0.142142
0.994145 -0.005556 -0.107907 2.107160
244
-0.101957 0.029150 -0.994362 -3.503781
0.007474 0.999565 0.028536 0.150463
0.994761 -0.004522 -0.102130 2.116576
245
-0.096224 0.030712 -0.994886 -3.526465
0.006310 0.999523 0.030245 0.155581
0.995340 -0.003368 -0.096372 2.123795
246
-0.090555 0.029074 -0.995467 -3.548480
0.006868 0.999568 0.028569 0.153238
0.995868 -0.004250 -0.090716 2.132903
247
-0.085975 0.028946 -0.995877 -3.569062
0.008343 0.999564 0.028333 0.152774
0.996262 -0.005872 -0.086179 2.144550
248
-0.083004 0.031152 -0.996062 -3.594752
0.009038 0.999494 0.030506 0.156524
0.996508 -0.006470 -0.083243 2.156127
249
-0.079718 0.033324 -0.996260 -3.622153
0.009660 0.999420 0.032657 0.161395
0.996771 -0.007021 -0.079994 2.167452
250
-0.076296 0.033230 -0.996531 -3.646083
0.009843 0.999421 0.032572 0.167238
0.997037 -0.007324 -0.076579 2.180002
251
-0.074667 0.033117 -0.996658 -3.664473
0.010643 0.999418 0.032411 0.173326
0.997152 -0.008188 -0.074976 2.183810
252
-0.072207 0.033078 -0.996841 -3.690847
0.010282 0.999421 0.032419 0.175547
0.997337 -0.007909 -0.072505 2.197621
253
-0.068916 0.031894 -0.997113 -3.717392
0.011382 0.999449 0.031182 0.176043
0.997558 -0.009200 -0.069241 2.212332
254
-0.066098 0.030851 -0.997336 -3.743508
0.010965 0.999484 0.030191 0.181956
0.997753 -0.008940 -0.066402 2.227048
255
-0.063862 0.027959 -0.997567 -3.772985
0.010766 0.999569 0.027326 0.182754
0.997901 -0.008994 -0.064135 2.241872
256
-0.062699 0.028883 -0.997614 -3.801404
0.011747 0.999533 0.028201 0.172422
0.997963 -0.009951 -0.063009 2.254180
257
-0.061865 0.031187 -0.997597 -3.829199
0.012018 0.999462 0.030501 0.175889
0.998012 -0.010102 -0.062206 2.267763
258
-0.061233 0.031358 -0.997631 -3.856245
0.009166 0.999482 0.030854 0.188937
0.998081 -0.007255 -0.061488 2.273989
259
-0.060566 0.028740 -0.997750 -3.884080
0.006531 0.999575 0.028396 0.189583
0.998143 -0.004797 -0.060728 2.282084
260
-0.060136 0.026807 -0.997830 -3.905915
0.006136 0.999630 0.026485 0.171462
0.998171 -0.004530 -0.060278 2.290943
261
-0.059266 0.029296 -0.997812 -3.937080
0.008365 0.999549 0.028850 0.162382
0.998207 -0.006636 -0.059484 2.301987
262
-0.058444 0.032116 -0.997774 -3.973488
0.009009 0.999459 0.031642 0.170311
0.998250 -0.007140 -0.058702 2.314038
263
-0.056451 0.033424 -0.997846 -4.005985
0.008246 0.999421 0.033010 0.176946
0.998371 -0.006365 -0.056694 2.324912
264
-0.055716 0.031675 -0.997944 -4.032763
0.007631 0.999481 0.031298 0.179651
0.998417 -0.005872 -0.055929 2.331909
265
-0.054812 0.030630 -0.998027 -4.053887
0.007656 0.999513 0.030255 0.179362
0.998467 -0.005983 -0.055020 2.335897
266
-0.053502 0.031849 -0.998060 -4.080935
0.009954 0.999459 0.031360 0.179093
0.998518 -0.008257 -0.053791 2.345532
267
-0.052591 0.034417 -0.998023 -4.111704
0.010666 0.999368 0.033901 0.184448
0.998559 -0.008862 -0.052925 2.353702
268
-0.051300 0.033472 -0.998122 -4.142226
0.010515 0.999401 0.032974 0.189250
0.998628 -0.008803 -0.051622 2.362960
269
-0.049228 0.032328 -0.998264 -4.173222
0.011670 0.999426 0.031791 0.190790
0.998719 -0.010085 -0.049577 2.372095
270
-0.046252 0.031420 -0.998436 -4.205972
0.013303 0.999436 0.030835 0.194509
0.998841 -0.011856 -0.046644 2.382387
271
-0.042624 0.031002 -0.998610 -4.235061
0.014608 0.999431 0.030404 0.198532
0.998984 -0.013291 -0.043052 2.388983
272
-0.038785 0.029814 -0.998803 -4.263306
0.016129 0.999443 0.029207 0.203441
0.999117 -0.014977 -0.039244 2.397186
273
-0.033730 0.025761 -0.999099 -4.299745
0.017138 0.999536 0.025193 0.209383
0.999284 -0.016273 -0.034156 2.406534
274
-0.025988 0.020131 -0.999460 -4.327367
0.018528 0.999635 0.019652 0.200353
0.999491 -0.018007 -0.026351 2.415855
275
-0.018421 0.019242 -0.999645 -4.355068
0.020514 0.999612 0.018864 0.198232
0.999620 -0.020159 -0.018808 2.427493
276
-0.008789 0.019075 -0.999779 -4.385534
0.021009 0.999601 0.018887 0.205196
0.999741 -0.020838 -0.009186 2.440109
277
0.001990 0.013326 -0.999909 -4.410717
0.023982 0.999623 0.013370 0.209261
0.999710 -0.024007 0.001669 2.448904
278
0.012310 0.007627 -0.999895 -4.432770
0.026878 0.999607 0.007956 0.200059
0.999563 -0.026973 0.012100 2.458757
279
0.026115 0.010460 -0.999604 -4.456078
